Filename: ran500.dat

Sorted Data
54
88
88
104
104
446
2080
1400
2946
8028
2189
5631
7156
1975
9898
2500
4306
7553
8609
8948
9781
3954
4322
1271
1271
2378
9861
6528
6042
2419
4549
7900
788
788
788
2457
4764
6140
9882
4773
7997
7442
3807
4773
7442
981
981
3472
1433
1433
7110
4462
4462
953
953
953
1280
1304
6379
7817
1879
3021
2828
6840
2929
5654
4184
3066
4445
5657
4879
6066
4158
1304
2560
357
357
1145
1145
1145
1463
1591
3584
5654
4756
1637
6152
1722
1722
2922
8722
8351
8449
8955
5948
5406
1682
1682
6905
2638
1067
1067
1067
1067
1067
8392
1373
2627
1773
4799
3802
5048
5028
3519
5256
1206
5195
5195
7329
5569
3441
5028
5569
2669
2669
5521
5521
8877
8900
681
681
9074
6441
1651
1651
1663
1663
8420
5363
363
363
212
212
212
5200
5460
1537
8234
333
259
333
6163
204
204
204
333
7295
3958
9823
5973
1123
1123
2216
8707
7382
136
136
136
3620
2039
1831
763
763
1591
7883
403
403
763
1155
2290
1828
1828
1831
6052
9641
3781
1844
3001
542
542
104
104
104
6259
9556
6310
391
391
542
1060
1974
839
268
268
268
9080
8656
1489
1718
682
682
7369
1024
1024
940
1217
246
246
246
279
6466
1080
4279
3097
186
186
186
1007
1658
7629
8809
4996
8751
7348
2350
516
516
1238
1974
6784
9894
6048
4964
5897
6048
446
446
1082
4964
5788
99
209
4771
1929
5079
7750
3544
6978
9128
6709
7058
4269
209
209
9476
5028
1943
6447
1280
1280
3360
7037
381
381
381
8744
6340
2435
6358
8505
2374
2374
3392
502
502
502
2423
5275
4945
8551
3459
1238
1238
1155
1155
1155
1328
8283
5097
8195
4107
8706
7130
6435
5814
9532
4611
4611
3587
3258
88
88
88
1757
1594
5337
5782
3142
3418
1578
1578
2427
2015
2015
2202
1946
1946
2427
8306
2451
54
54
54
824
824
2604
3515
5361
8691
3041
793
793
3515
4647
8285
240
240
240
240
271
2359
6002
6473
8398
8426
1569
2136
6241
4348
5688
898
3809
7241
5108
7949
8834
1007
6604
5492
7284
4512
8414
7738
3855
8328
6272
6199
4403
2245
2459
4960
6229
728
1328
619
7196
8509
9730
6585
9573
3510
5769
6413
9572
9271
4351
5873
8506
4079
2936
8443
6498
8985
5946
3894
4700
1896
1265
4680
6929
9925
7260
9803
6688
7194
3775
845
486
271
271
271
3414
8435
1311
3812
7892
948
948
5218
1545
8528
9536
3751
5141
1209
1311
1439
6516
9779
9673
5035
1439
2972
5294
5294
7344
7613
2998
7344
875
875
875
1218
5176
3027
3027
6746
7857
9261
7881
3656
3656
3804
3804
7490
6287
2471
7490
156
156
1789
4979
3257
2491
4470
3912
9145
8811
5031
2089
9136
1905
1789
2998
8596
8203
8376
9280
3552
9495
3388
3388
8549
4241
6547
8549
416
3912
6246
4225
