Filename: ran2K.dat

Sorted Data
1
5
14
150
1653
1
2
8
9
13
284
284
1166
297
699
6
6
57
1752
1862
531
776
1036
594
1018
1370
1021
646
534
232
685
1348
1265
1844
1821
1229
85
1383
914
1687
876
450
1568
692
304
1106
1163
417
274
1459
1332
141
112
1240
772
1947
663
847
127
57
80
1237
1599
1961
915
206
331
158
1897
1149
570
508
1556
1217
499
653
644
1233
494
1567
1068
1224
1022
356
383
283
506
1900
737
990
654
392
800
1425
1049
360
1646
161
551
391
1543
1790
1157
741
505
1400
925
1967
1740
1607
1992
1822
1993
624
1532
1365
1251
696
177
848
1895
574
270
1380
398
131
1346
662
502
1953
647
1466
374
405
1065
1566
1522
369
1261
1548
1883
1658
305
176
1431
1498
535
1906
1698
82
1590
1038
1454
128
1169
1266
464
1721
366
1115
1211
1377
963
941
1288
243
184
1949
1422
580
169
1619
1910
1716
479
1735
1218
434
1672
703
590
554
1117
989
1885
1924
649
587
1107
739
1620
1500
282
1600
1965
116
1695
762
377
754
814
1846
1642
1661
794
557
1345
1865
1024
1004
1412
1165
83
227
1472
1514
588
828
132
1893
1146
1471
1328
916
956
80
268
1669
1486
209
209
1791
264
264
231
104
104
1366
1629
808
808
1773
840
1475
602
602
1456
1560
735
735
151
676
76
76
470
1904
1683
1487
1494
1683
277
1206
1329
15
15
20
21
197
831
353
1296
51
1347
1512
973
1417
677
105
105
1667
168
168
185
1358
1026
1084
1461
1388
1815
1340
1933
555
185
612
367
367
1093
702
702
901
1376
384
384
829
1364
191
191
323
1027
1001
818
818
879
233
233
1742
1108
490
490
1102
451
451
487
408
408
1020
1962
1271
1020
1807
1806
1453
722
722
725
1182
469
469
918
255
255
1575
1192
32
32
155
789
252
252
874
393
47
47
1361
72
72
119
576
576
1008
745
496
643
745
10
10
1691
773
342
342
1955
1072
718
1072
362
362
492
492
1138
929
190
190
372
1104
337
372
75
75
488
1009
1845
422
422
308
261
261
1622
1581
149
149
548
548
746
108
26
26
639
639
742
942
1175
1179
386
386
1235
1255
77
77
310
572
640
87
87
395
395
1445
1155
1316
1445
1112
1155
1525
380
380
604
1095
70
70
214
214
1648
1066
736
736
788
788
1894
948
948
1113
1922
437
437
562
476
476
686
1242
1681
753
753
20
20
983
983
1313
1908
891
891
1246
42
42
622
1426
1243
17
17
48
1189
1938
844
1490
932
461
1220
778
1805
1912
608
1390
1079
1738
751
48
830
1137
59
59
1087
299
299
744
988
1823
953
988
240
240
1338
1890
890
890
1070
1586
18
18
64
1314
1785
675
1659
172
1778
249
295
1677
1755
1039
642
91
1410
170
628
832
1809
1966
1531
1201
1064
706
401
1546
262
1941
987
596
1701
700
480
1851
1551
944
423
1591
1618
1363
1936
183
322
959
468
1509
263
1478
1879
1579
1505
838
1802
994
1766
1394
931
1392
1817
1684
1990
1406
993
1930
547
804
1939
796
1094
1105
964
1606
446
1290
1042
1436
811
1444
859
1315
1732
1167
319
1402
378
1437
835
779
1278
1529
1830
1887
966
1647
71
1583
375
1086
236
1183
1601
1309
1920
954
1970
1154
1468
200
1810
1934
81
1342
1510
1221
1911
1268
816
962
78
1868
471
799
315
1446
394
1858
107
732
723
1860
797
1771
1971
853
986
1705
1799
1352
1043
1099
1013
1652
1044
1054
1263
1123
1164
1122
597
338
955
1836
1381
1679
456
1734
714
517
1709
1931
871
902
1710
433
201
431
275
1751
1264
1784
810
585
1760
1772
1449
627
64
898
1673
154
154
541
1511
347
347
672
34
34
1527
1126
285
1126
389
61
61
207
583
1482
972
787
935
1173
1792
659
207
1135
1019
1819
403
403
1341
90
90
92
770
1516
1280
160
160
439
998
192
192
1357
257
257
606
606
1196
1081
1196
1776
22
22
860
1757
908
246
908
1804
126
126
1168
198
198
1985
459
459
1690
1625
667
1158
1625
329
329
883
793
793
1160
1675
681
681
995
995
1614
951
1604
669
669
705
824
1980
1537
815
815
220
220
1372
178
178
448
448
892
1132
164
164
273
865
1411
1007
1269
1180
837
1174
1989
1722
455
273
1301
1798
1248
29
29
45
564
1127
1473
1641
334
352
458
516
733
1334
219
195
1699
1199
1863
1014
359
111
560
698
1434
978
203
1730
525
1763
302
760
1523
758
1720
1968
1688
404
1513
981
1295
147
1145
1349
1028
721
1747
527
1952
1119
289
69
795
1033
1310
763
806
300
809
523
893
54
905
1005
1419
927
1319
509
382
834
1811
1291
324
504
1373
1360
118
1613
489
1031
693
1853
1433
526
1282
351
438
1161
298
759
1474
775
482
1286
1572
1715
1825
738
45
129
129
1896
1800
691
691
1202
1130
316
316
1632
812
196
812
1379
12
12
999
1046
1046
1277
1326
1770
1197
1197
1639
327
327
1391
406
167
167
923
923
1707
1664
272
272
823
330
330
279
279
529
1455
1855
1389
1389
1671
208
208
335
335
1605
457
457
1270
1643
1874
187
187
688
957
1833
1285
449
1285
340
340
381
764
538
764
472
472
1975
1812
878
1386
1812
325
325
886
466
410
886
258
258
1519
124
124
992
992
1305
1536
727
1305
1536
113
113
415
415
528
553
636
1151
55
55
1200
1200
1808
1704
805
805
922
940
253
922
224
253
9
9
13
1216
1156
1281
566
1124
418
1530
997
425
1871
1085
1541
171
777
530
345
363
821
1194
313
413
1996
343
1495
385
919
1339
1337
271
13
31
213
546
1557
278
549
204
204
501
136
136
682
1892
138
138
720
950
950
1367
579
579
1483
1737
66
66
875
1193
312
312
1602
460
52
52
373
1451
1325
473
473
689
1452
710
484
710
153
153
1057
1057
1139
2000
1462
24
24
30
958
1983
1765
803
1748
430
216
30
43
1875
1940
513
615
858
858
1300
1899
768
768
239
239
1318
1170
301
301
1504
863
863
1050
251
251
573
573
766
1469
1774
60
60
1082
1082
1350
199
199
388
388
1958
478
478
852
524
852
1756
120
120
1359
1354
1077
1359
244
244
854
1307
336
336
578
1626
715
578
1571
1069
707
318
318
491
599
750
1232
868
868
1630
1429
550
550
290
290
610
68
68
1011
1867
1746
1176
1176
435
435
887
1432
74
74
1866
1731
592
592
1852
1886
969
969
533
159
159
581
581
867
1706
1430
182
182
333
333
519
1330
900
1330
1972
303
303
1275
1976
717
717
1795
930
930
598
589
589
1003
1385
296
296
424
419
634
140
140
1959
1526
62
62
1835
774
774
716
716
1831
1000
223
223
115
115
339
1101
371
371
651
1524
1775
1589
1539
671
651
1984
755
755
1343
36
36
507
507
1259
869
348
575
869
11
11
19
21
23
95
595
162
414
1963
614
1274
1826
1171
1249
1128
1758
1797
836
96
873
307
1592
1769
719
157
1035
1712
211
1506
885
110
420
1041
194
1816
1881
1917
462
175
713
1733
379
1645
668
1463
1470
522
134
802
1796
1236
1873
520
95
344
591
485
440
344
355
355
511
511
791
1448
543
543
1717
977
1133
1717
341
341
1250
1827
396
396
326
326
1577
833
287
833
786
256
256
943
683
943
31
31
1458
695
695
697
697
1617
1991
1700
411
1700
556
235
235
1006
1964
866
1006
586
586
658
400
400
850
1488
1040
1125
1488
186
186
234
1609
1477
238
238
1623
652
652
743
1923
1857
1636
1424
911
911
984
397
397
1096
743
148
603
743
39
39
552
552
582
41
41
248
1089
1136
259
709
317
317
1153
1247
1060
1153
35
35
452
1421
67
67
515
515
1320
521
38
521
577
577
1150
1303
58
58
767
40
40
56
56
1616
1515
4
4
7
27
1212
320
280
1292
1053
101
218
1331
1540
1369
1995
1207
864
1002
979
1120
248
218
544
544
616
616
1159
5
5
109
888
1520
146
146
281
635
1793
1245
813
1222
1371
293
293
708
1012
1813
428
1012
28
28
37
44
1615
1073
1820
1856
881
881
135
135
1780
632
106
106
1147
650
2
2
3
8
1289
1260
1563
202
928
1891
1727
1267
817
63
1692
166
288
188
1918
1502
1223
229
540
630
242
1029
1508
1254
626
173
1317
180
368
1788
648
1708
444
1570
1088
664
19
619
221
1662
558
1547
1299
625
661
436
1208
1997
618
1608
1213
1501
474
266
1228
510
241
8
21
130
711
1666
945
960
1491
84
25
483
1131
1978
609
1203
1898
611
495
1829
1654
704
1457
1787
121
761
1767
1311
568
156
757
1083
376
1624
181
100
631
1333
1238
1356
514
144
974
1144
53
1262
1297
1909
769
1889
1465
98
926
1335
260
629
215
1058
980
1443
286
1902
1205
409
1074
73
117
1489
920
65
939
748
205
1674
1578
1657
645
1533
1905
350
673
1777
849
125
1713
1293
532
265
1656
1015
623
237
600
1382
142
432
559
897
567
670
1876
1080
133
539
1794
179
1017
1441
1399
429
621
493
1178
1916
454
1841
571
1051
1861
500
21
97
1882
1052
1302
1198
1076
1409
665
475
536
1308
970
364
399
332
1507
228
1447
225
924
909
1979
1276
537
97
102
856
1256
354
1492
1919
1401
952
1497
463
996
1594
1943
114
756
467
1640
427
102
467
1725
1481
1253
1854
497
314
497
3
3
33
89
877
690
1714
790
1849
1627
1837
1719
569
1974
486
1783
782
855
442
1322
1914
1834
1184
734
1782
139
89
765
846
1937
1848
1252
903
1686
857
846
1553
1680
1148
49
49
765
1098
16
16
752
1030
23
23
93
94
247
921
1384
728
679
1055
1957
1091
189
1612
1321
276
103
1723
143
1210
593
1595
1633
666
912
1403
1152
798
1668
1528
1428
390
1298
1954
267
94
1116
1109
1753
346
346
1634
1143
230
230
254
1210
1682
1375
1729
37
37
50
965
895
825
357
1628
217
122
122
321
870
1442
1071
407
407
1353
1637
1272
1353
210
210
749
416
749
933
7
7
503
1663
1181
46
46
86
1499
311
1306
1037
93
1374
1518
1215
1660
361
86
1045
1534
747
1045
1534
33
33
50
50
1438
1231
27
27
79
1103
1859
1926
1544
99
1142
1651
222
1596
934
946
1982
152
1480
79
145
1927
1545
694
620
1025
1056
349
1555
1644
1635
1092
1850
498
1569
328
842
1294
641
1945
421
656
1576
1283
1878
1999
447
145
807
1703
687
807
245
687
545
1612
1134
