Filename: rev500-1.dat

Sorted Data
1
51
101
498
497
496
495
494
493
492
491
490
489
488
487
489
485
487
483
485
481
483
479
481
477
479
475
477
473
475
471
473
469
471
467
469
465
467
463
465
461
463
459
461
457
459
455
457
453
455
451
453
449
451
447
449
445
447
443
445
441
443
439
441
437
439
435
437
433
435
431
433
429
431
427
444
425
442
423
425
421
423
419
421
417
434
415
432
413
415
411
413
409
411
407
424
405
422
403
405
401
403
399
401
397
414
395
412
393
395
391
393
389
391
387
404
385
402
383
385
381
383
379
381
377
394
375
392
373
375
371
373
369
371
367
384
365
382
363
365
361
363
359
361
357
374
355
372
353
355
351
353
349
351
347
364
345
362
343
345
341
343
339
341
337
354
335
352
333
335
331
333
329
331
327
344
325
342
323
325
321
323
319
321
317
334
315
332
313
315
311
313
309
311
307
324
305
322
303
305
301
303
299
301
297
314
295
312
293
295
291
293
289
291
287
304
285
302
283
285
281
283
279
281
277
294
275
292
273
275
271
273
269
271
267
284
265
282
263
265
261
263
259
261
257
274
255
272
253
255
251
253
249
251
247
264
245
262
243
245
241
243
239
241
237
254
235
252
233
235
231
233
229
231
227
244
225
242
223
225
221
223
219
221
217
234
215
232
213
215
211
213
209
211
207
224
205
222
203
205
201
203
199
201
197
214
195
212
193
195
191
193
189
191
187
204
185
202
183
185
181
183
179
181
177
194
175
192
173
175
171
173
169
171
167
184
165
182
163
165
161
163
159
161
157
174
155
172
153
155
151
153
149
151
147
164
145
162
143
145
141
143
139
141
137
154
135
152
133
135
131
133
129
131
127
144
125
142
123
125
121
123
119
121
117
134
115
132
113
115
111
113
109
111
107
124
105
122
103
105
101
103
99
101
97
114
95
112
93
95
91
93
89
91
87
104
85
102
83
85
81
83
79
81
77
94
75
92
73
75
71
73
69
71
67
84
65
82
63
65
61
63
59
61
57
79
55
77
53
76
169
50
167
48
50
46
48
44
46
42
159
40
157
38
40
36
38
34
36
32
49
30
47
28
30
26
28
24
26
22
39
20
37
18
20
16
18
14
16
12
29
10
27
8
10
6
8
4
6
2
