Filename: dup2K.dat

Sorted Data
1
1
1
2
2
2
2
488
808
1058
396
764
722
799
1920
628
1716
96
603
1175
596
1308
1330
783
1648
1134
841
1256
668
229
1161
274
1366
211
163
675
938
1135
1001
1389
1654
1142
1705
1858
1728
1643
1804
95
687
1768
70
853
1888
1448
1898
828
1773
1034
1101
87
1172
1263
1646
1782
1475
1763
329
363
364
1212
1193
1015
1469
1065
1110
1303
539
1157
78
950
1682
593
796
1387
13
1227
1814
374
1987
846
1197
822
1506
1658
1913
1195
835
927
941
1393
650
372
1721
361
247
868
1373
1492
1673
1295
408
785
1816
1658
730
62
654
440
527
1618
915
1605
484
883
1599
377
190
1575
1021
421
1908
1093
830
496
1820
1499
1554
1289
813
677
1552
1258
457
1687
1320
664
1344
1961
401
1530
1699
1261
623
1494
1211
1915
600
164
1609
1372
967
404
987
1628
940
759
1360
1305
798
1589
965
1568
158
1702
674
1385
377
726
290
240
1973
1457
49
1630
246
1949
1247
581
1105
803
463
1977
555
913
242
1419
188
1653
1427
620
184
550
917
729
1466
862
1429
1968
834
11
903
1750
1823
67
1708
1783
331
1670
525
1121
1234
506
1874
1655
1397
1871
1288
1896
1248
1623
611
1828
1402
267
1127
1508
1600
1040
1007
1911
226
1076
1139
1333
130
1951
1834
284
181
1128
1421
745
794
1685
1304
112
1052
1735
1028
842
820
1801
573
1990
560
1016
1125
583
975
153
1250
86
365
110
1839
535
1702
1560
141
1353
1625
1521
1013
511
827
997
1891
52
1290
66
10
626
1328
562
1719
357
958
943
1316
1310
366
1168
1886
1624
737
523
1337
1215
1974
1567
620
669
1153
1311
1581
454
520
1541
1164
811
2
8
26
37
1181
270
426
1548
1024
295
307
232
1072
209
209
269
349
38
38
700
700
1132
1956
1271
1271
566
1182
116
116
1486
133
133
151
738
1642
183
1178
1960
1862
880
252
845
261
709
502
1476
1322
1084
151
1077
1066
131
131
136
136
239
352
328
352
208
208
354
607
607
451
617
3
3
6
672
1849
367
367
1056
721
721
283
283
1500
1301
1500
909
909
1675
1939
1214
1214
515
515
625
1805
671
1809
1947
885
1510
1461
1987
1512
837
625
718
98
98
155
155
1612
517
517
568
1406
501
501
76
76
420
420
1436
584
584
320
320
754
1280
929
929
212
212
1053
1053
400
400
416
1629
137
137
642
642
9
9
44
461
865
1551
1409
430
910
1717
1175
1114
1453
271
1636
1446
1501
1710
720
564
1971
416
1208
442
1909
481
665
1793
1222
324
1819
837
1278
1556
382
1519
1813
1936
1442
1275
1595
465
898
1585
1732
918
1150
1423
641
1660
1807
1103
128
613
1845
56
1223
1081
53
1180
1340
1622
897
946
218
1848
646
489
348
1024
1788
1173
860
1842
1017
779
44
1516
1792
21
21
1228
1491
697
697
417
417
1284
1171
1284
959
959
85
85
293
949
717
717
1692
259
259
929
929
1157
165
165
327
1780
1795
1876
1008
327
1747
1748
491
491
1744
36
36
32
32
485
485
1179
438
438
154
154
92
92
439
439
444
444
143
8
8
14
187
1953
306
1786
219
219
12
12
26
101
1549
563
161
277
1119
955
490
399
1377
547
1992
541
637
1269
385
1112
262
1042
673
249
635
40
1602
643
656
1133
1505
1737
255
874
81
1850
1718
1580
115
1870
485
762
220
1204
1050
699
1209
1600
1824
1641
448
1573
50
26
39
1471
1254
749
356
1348
1443
1640
1861
911
1835
1854
605
1733
1494
1788
511
39
1141
74
74
142
142
266
804
804
1832
58
58
614
614
1555
437
437
775
1668
1349
1668
20
20
1149
1399
565
565
495
495
1514
37
37
263
263
1626
912
912
969
103
969
33
33
624
1174
1174
782
782
6
6
15
41
1122
203
351
685
371
682
202
202
233
1009
1009
1416
1416
1550
34
34
1525
768
1525
15
15
90
1221
123
90
279
321
570
1398
630
616
340
1117
413
413
904
904
1156
706
706
646
990
215
215
27
27
65
82
109
144
722
1115
1980
1710
423
1677
1720
1516
1167
824
526
179
408
1945
319
1983
692
1481
1268
279
144
873
577
144
144
512
512
757
757
1768
1768
310
310
979
321
321
695
88
88
1321
1004
1004
1466
572
572
1287
1379
755
1379
638
638
823
25
25
28
467
398
342
964
1201
471
152
1490
1565
1083
424
1683
590
474
1935
1363
548
947
330
937
45
1404
299
397
1758
1576
480
1779
541
1764
1996
281
661
861
1113
177
28
28
1107
1822
121
1529
237
1863
1881
177
1035
1260
407
227
809
602
507
1062
1827
1924
1385
28
213
1038
359
739
1900
926
933
1323
469
545
551
847
1058
1155
851
213
1224
1224
1659
1106
1659
24
24
41
63
270
766
701
862
716
1790
505
505
309
744
79
79
109
109
691
552
552
883
904
504
504
275
275
458
458
1997
59
59
801
312
312
1594
84
84
1561
957
1561
221
221
1047
537
537
787
787
895
316
895
268
268
818
818
159
159
96
96
799
301
301
1031
41
41
106
1503
1964
176
331
1431
258
715
663
482
1144
877
1331
1921
1696
709
792
264
106
250
516
609
1097
285
569
791
963
278
250
1343
362
43
43
1527
1527
470
470
653
1688
91
91
181
1412
14
14
21
1621
688
536
479
1515
1929
169
1833
119
466
1034
782
1032
1937
843
1756
1752
193
731
291
381
587
1392
1868
657
741
1837
1584
1265
1358
1825
1361
1523
1739
1535
761
274
521
1841
1662
902
1266
1394
689
1044
621
313
343
739
1196
297
988
1480
459
960
433
982
108
1751
311
1798
445
1345
905
914
1650
313
570
285
1328
1972
1678
63
1524
224
1632
1334
1240
1630
1538
1776
1189
1893
986
509
280
596
956
1699
1087
1527
1598
325
1680
1759
225
864
1508
1836
1726
127
693
1487
498
1145
1408
890
21
47
1604
1918
1587
1325
518
771
607
1424
323
375
447
970
304
1233
129
1338
1210
1754
1306
1977
1603
850
1061
1791
1656
493
482
741
1140
1898
867
1403
1055
1244
494
1532
1352
1496
1944
857
1324
315
1099
1405
147
47
94
210
866
1085
817
872
94
94
1297
795
795
206
206
214
1253
921
1345
1120
719
719
1546
29
29
171
810
1585
1605
1892
1028
1462
1183
440
1844
1985
688
889
1730
1262
214
951
384
1281
710
522
171
1764
1929
61
61
235
1205
460
710
821
390
821
287
287
51
5
5
51
829
1449
65
65
100
1276
167
684
1166
1810
294
1011
1800
1614
703
1806
1884
651
1473
1539
1487
1067
1509
1770
122
394
347
476
1639
1667
561
1455
1246
774
1802
1940
1762
1129
1853
643
885
282
1941
1432
580
745
630
1991
1690
1444
952
476
392
156
540
1136
107
464
125
1651
1191
478
1082
760
1094
443
702
896
404
1921
598
724
922
585
326
1827
133
468
1627
436
376
813
229
1724
961
434
1124
1032
971
1635
1689
944
1577
1617
1080
1433
191
412
888
758
858
411
1245
1556
1633
1983
723
1941
1194
804
100
1574
360
1
1
82
172
1962
336
1531
1967
1347
69
69
73
199
1811
373
984
662
389
1796
2000
871
199
1463
582
582
543
543
899
1079
379
379
974
532
532
1012
82
82
146
509
1023
725
449
725
425
425
341
341
257
703
195
195
499
1595
343
343
1238
1238
1297
1590
1590
366
366
534
172
172
204
601
993
1451
1840
456
1920
1675
245
204
1904
1043
1043
1374
900
900
999
999
916
393
393
1273
1317
788
890
197
1334
6
6
16
17
22
1315
1744
789
932
1545
875
1522
407
1074
846
292
786
549
288
669
769
1075
1761
1562
1969
1885
1999
977
73
1597
1367
1859
1569
60
93
192
1198
1722
1313
1313
953
207
589
1850
1229
472
22
45
1147
885
149
248
1277
1772
1697
647
629
1390
1825
1775
254
1185
1220
298
248
395
395
908
908
1068
1070
1479
1434
1479
453
453
524
781
146
146
345
422
345
1671
659
185
659
113
113
196
1808
1439
533
533
1645
528
528
615
615
767
1414
335
335
844
844
250
196
196
1877
165
165
238
238
264
556
578
1170
1943
849
849
894
756
756
1130
1130
105
105
138
138
139
1198
1672
1928
155
751
1897
264
1063
1932
1257
1917
1986
168
139
147
318
752
1371
531
531
1468
1468
1364
1146
1364
649
649
299
299
1593
198
198
386
1465
243
243
475
714
854
1029
802
475
1003
1219
1109
1003
1723
1879
383
383
402
1438
1474
928
685
402
1857
1336
1336
1785
1232
1785
508
508
203
203
1019
1019
747
252
252
1073
1073
414
414
1611
1880
925
925
4
4
45
733
1875
1464
1731
612
1318
1026
948
797
777
1563
823
567
473
1905
1259
1192
553
1382
1749
595
104
147
452
391
995
1707
1255
76
1048
1650
773
405
870
1496
919
1755
1729
102
72
429
1231
1239
1952
1285
1226
403
1726
1281
1607
1096
893
1578
334
954
1583
1536
1091
1415
450
1532
1381
1518
707
68
1370
1278
1976
1242
1202
1060
1821
54
1086
1787
1294
694
527
1663
431
1470
1850
135
869
779
1044
1701
1888
1735
1051
1966
1460
1225
1760
72
1683
840
836
1108
1954
1672
1489
419
1002
907
1579
1860
1979
256
45
55
172
435
1454
387
201
201
704
83
83
99
1103
807
1342
606
99
606
16
16
31
1613
260
1375
1162
35
1483
742
617
150
812
1513
962
124
1292
776
244
1095
1355
217
1131
679
1970
973
1401
859
666
1283
1446
1064
42
1566
1291
633
490
1756
778
116
186
538
1445
1618
1054
1890
1354
1946
289
358
80
55
1037
162
558
1339
273
234
627
879
1422
1948
1190
1400
1816
1341
236
996
487
655
726
1647
1264
1679
1240
695
1649
228
111
1691
1217
1559
792
1413
1520
631
500
814
941
1425
1544
222
333
1538
1731
180
1122
1606
88
31
301
296
296
770
17
17
18
1100
1903
731
731
1746
1207
1746
231
231
239
578
750
1098
1098
1774
945
945
1570
239
239
1149
71
71
140
764
1394
936
1177
1484
1665
1388
140
175
1057
1116
1847
634
338
175
175
513
1557
513
513
1236
64
64
1365
1504
160
160
118
118
189
666
576
1912
1384
503
503
1924
189
189
574
1359
735
497
557
708
708
132
132
18
18
19
839
1696
1753
574
1041
1902
1217
604
353
681
1299
1869
1926
557
1666
1455
120
1572
1535
1118
55
736
1914
1458
1482
968
1767
1526
1416
619
1694
921
19
113
113
1213
1184
1963
