Filename: ran10K.dat

Sorted Data
1
1
1
1
1
1
6
20
21
7437
66
8908
444
733
3765
8708
1087
2997
4552
238
6922
2953
5936
8151
7471
6136
2756
2379
2728
8931
4264
6073
226
2577
8284
5643
7570
2501
8106
8950
2290
4149
5173
7264
5745
9945
5555
5664
5636
8690
8310
9493
3200
6770
7457
4446
2210
8559
1942
4612
5943
9734
2549
2535
9921
1623
7772
6411
7676
3422
9575
4561
7487
9396
2561
6491
2453
4273
3607
9201
4690
5410
3763
228
3972
7418
2458
107
4380
7481
1352
6538
9893
8597
7644
666
2706
7992
1814
333
1026
3678
6109
9916
4812
257
3306
7022
9576
7543
3757
236
9313
2437
215
7560
705
6415
9478
7808
4969
5319
4698
1374
5832
7029
3853
6241
1559
3434
8087
3006
8502
3025
4055
8234
5502
26
4172
8861
387
7506
7105
5895
5656
6191
6318
5992
6214
4357
542
7838
5175
6279
2091
9770
1317
1495
4652
7204
6412
1247
5737
3001
6193
1524
8725
3236
9316
8636
8221
9675
2317
9160
3880
3732
3852
9484
3668
7098
5083
6406
6475
6561
1362
1872
8823
3676
5708
3020
5518
6202
8425
2455
3804
555
7830
8737
3210
7380
464
6862
9200
6996
8318
460
4967
7585
2315
1144
198
6303
1249
8592
848
8514
8199
4964
7922
7807
7097
7239
9606
7787
1250
9586
6803
3490
310
8608
9181
3191
762
6654
5357
5746
344
5634
7000
5905
5782
8635
5257
7240
9346
3411
893
8770
7842
1234
8339
6148
4656
8777
7508
9830
8644
7042
5966
6422
5272
2430
8257
6557
7554
1715
1852
3470
2895
4543
1107
2894
7690
3151
1212
5915
8695
2344
8401
170
6247
7625
9012
7217
3714
2202
4645
1392
465
477
3883
7532
2489
2933
5533
8986
4019
6468
2790
1510
6105
220
6306
6030
8184
2303
6246
652
583
9425
918
8312
2569
1657
8485
7153
9750
6316
1131
5403
7863
8746
3679
6447
1924
9108
6123
1652
7672
2782
3713
9735
9812
427
9051
5519
7297
1366
7231
6446
9623
519
792
8601
3621
6304
4074
6373
1041
2870
6800
4751
166
8652
5283
9370
363
9343
9946
4382
9694
8696
7351
6040
9811
7324
1140
1597
4009
8735
2634
3567
1619
4567
1222
3591
2414
8974
442
8201
6968
9170
7320
120
24
7742
6688
936
5820
3500
7703
7381
4978
3459
8097
6713
5799
6870
2860
9129
5742
5043
5632
4397
6213
4477
4171
4259
8813
1031
6430
4263
8460
1914
8220
9395
2349
4930
9120
9054
2182
2297
9783
9175
3912
2492
1158
8743
2583
622
6842
2969
4139
9913
1730
4926
5016
4111
6610
2089
8232
1871
5677
9695
2285
5246
4634
57
1614
8645
2400
1004
548
2239
1591
5568
8303
7889
2260
9039
4899
6081
9506
3108
2884
6597
3767
274
5305
8853
9544
7679
6884
4387
6170
6907
1713
4322
2461
4057
5340
1811
5867
8771
1446
5630
9403
9475
4015
349
9857
6023
5436
5912
6809
9190
2885
9744
4954
947
1493
5822
2752
6384
5224
9561
5730
5602
5402
6810
8306
7892
2146
9321
3076
5919
8780
974
898
380
623
5526
4691
4917
8856
9763
5285
9646
97
5701
641
1682
1590
915
6664
2866
503
7731
4364
1457
467
2090
7310
3599
8226
6459
7131
5774
1379
1376
4657
5640
4532
4887
8021
397
2871
4186
4832
264
7944
6749
8104
6031
8408
2690
2010
8338
4394
6967
7882
4070
4324
9008
2950
114
8982
1973
7685
7331
4060
6674
7350
7688
4386
2570
4093
5765
4647
2292
109
5258
5560
6702
4023
7494
682
6314
7920
1709
7300
1608
6850
8357
2425
3064
8851
1130
2267
9474
4886
200
5639
8107
8436
7788
5444
1011
6716
2368
7190
1480
4837
9611
3807
3279
2269
5529
3243
4775
8362
1575
1593
6990
4653
3386
912
7861
2479
1309
8959
3212
8961
4484
3504
7033
4535
9418
5380
4291
7852
8067
2104
8276
5874
4776
2372
5004
8447
9204
5182
5084
8299
3728
8351
4053
2679
5349
2493
3992
7597
1940
8958
371
7843
3712
4411
3746
4866
1642
6685
1947
4470
7806
9168
3993
8224
3114
5161
9264
7656
8691
4195
7733
9066
7366
7854
1295
7116
7193
2373
8572
2392
1256
3518
7313
9858
5360
7385
1648
6163
5168
3080
6592
3997
5580
1139
3429
7120
928
2606
2958
3982
7129
7911
3783
6106
3583
6991
2857
4638
2788
7252
7637
4044
4218
165
3580
3935
6735
4673
4024
8149
9147
3093
5362
1185
8082
5404
3357
8658
5184
8218
836
8270
2107
7280
9613
4523
9404
2861
273
6581
8060
8461
6589
5646
8995
2810
6253
1221
3105
9795
1101
4211
3550
4319
3366
9386
3208
553
3428
7988
29
3636
4249
6359
7994
2157
628
5491
134
6158
8604
5814
2635
9827
3543
957
8173
6087
1441
4924
9720
5892
4040
8909
3812
5445
8730
5081
4439
4255
3735
8973
3209
3942
6267
1876
2755
4498
2073
7896
4167
5787
2897
8055
7199
2195
809
731
5869
6821
1121
9363
5203
904
2209
5226
9884
9958
2976
7287
9127
1882
6168
4377
1589
2245
3573
2465
1377
3202
6046
9162
3318
3443
399
4183
3190
7778
2484
2005
4971
7246
9989
696
1043
4557
3217
3416
113
4608
117
7810
3238
1298
5998
4780
967
5913
4842
3393
9172
2065
7261
3100
7018
9082
9782
9538
5284
4029
758
9221
5652
9439
8328
7709
7096
1267
7505
6018
7539
4184
7262
2084
3734
9124
7777
7604
4388
9580
3342
2298
356
4248
54
8212
5984
8391
8517
1566
4228
7813
6271
1323
2936
6847
8671
8568
9970
6855
108
8069
5909
8533
2059
5836
8907
4431
4799
1663
4005
3952
6466
4800
710
1347
8788
7721
864
3566
6232
1723
5886
4759
4037
7407
3188
5855
6341
5417
7365
5244
2687
2211
2019
6381
2161
9713
2963
8396
1832
9173
6009
2197
4585
4418
2616
6177
5476
8171
1013
2592
667
637
9488
3503
605
1488
6350
1153
6245
908
2000
1921
9202
6165
5141
8901
1866
6084
7163
7708
5831
5289
2675
9114
9136
7751
6782
1982
7812
1737
9719
7764
4455
4794
7057
9873
7649
5011
9379
4974
6122
3225
4358
9223
4784
4892
5808
7442
504
8017
8297
3868
2468
5776
1500
802
7714
2413
9532
4338
5904
2409
7503
8439
9171
4598
7811
4022
6139
4373
8870
479
9026
2361
9431
5218
6507
2543
8526
4163
4889
2554
1327
7311
9505
4809
2347
3310
9951
8004
2739
8261
7443
534
946
570
6535
1732
3845
3033
5685
1865
4508
4198
3841
450
3542
1072
357
8626
126
1550
2216
9213
2783
3164
6311
1827
3418
7028
1469
6442
2830
3612
9476
8113
7342
463
3085
4285
3353
7046
4580
6746
9189
4451
3756
8364
3288
5322
5069
4600
833
8492
2579
2052
3731
3870
7670
2406
2451
3754
7164
1300
2335
2686
5899
737
9912
1985
6612
2509
9320
7591
161
6287
1634
821
1613
8010
6792
1128
5206
6508
3364
8587
3388
3776
8955
4096
4402
5758
286
8527
5023
28
9318
2927
4908
7606
346
9149
4401
9116
7645
1514
3336
708
7963
8846
4655
9612
5294
9296
4907
7877
8918
3582
1445
8109
1903
8464
2676
8101
3149
7909
3392
2482
1700
4752
8273
1141
3680
9691
1058
424
2610
7124
6180
9254
6065
6019
7643
8018
5773
6235
2364
979
6328
7768
897
4298
6678
6354
5623
8158
8555
2623
8802
6498
62
9122
2035
9352
3017
7712
3772
8164
5770
6783
2449
9406
1808
372
679
2651
5310
1701
2410
9492
8227
9556
8810
7622
8863
6309
411
6899
6695
2539
3593
2348
2350
5669
4958
5885
1451
6129
3442
2935
3039
61
8177
1288
8896
1751
6854
3562
3179
5094
6054
210
6204
1345
4770
124
294
1482
4981
9530
8011
2214
9591
7357
5146
1448
7865
563
5268
3649
3946
9224
3196
1486
986
859
3277
2226
3557
2028
1770
2096
6298
5616
620
6142
841
2548
4325
4155
7082
8765
8872
596
5193
7495
6693
3954
7548
7888
6008
9676
7566
2714
1791
8407
1350
8563
647
4857
7586
6452
9737
3644
7967
9592
586
5697
8196
3628
8889
4500
1325
8035
3278
6790
8053
2841
6233
8723
9935
2629
4109
7192
8573
8046
812
9761
2701
4821
6223
9049
5619
5578
2541
7274
5274
6965
9680
3406
9896
1328
4519
3598
9073
9781
4391
8388
3231
1678
3926
2302
2718
2545
7478
5064
222
6337
5606
8419
6537
2990
7577
5048
7489
3652
186
6042
4158
8389
2637
3313
2025
9375
1236
2647
3407
2227
9821
2330
7814
8791
3235
7715
9268
5215
3727
7530
9187
1741
9780
4538
4271
7572
3043
6458
7441
7743
6566
1523
8289
1168
4941
7545
431
1912
5214
1016
9047
8134
1242
3622
713
4528
3876
1390
5348
4510
7941
9485
7087
2448
3003
2631
3268
981
5122
9574
4934
9972
7557
9690
91
9842
8576
6511
8936
39
21
4867
1351
60
60
1544
7142
5386
7142
5345
7
7
20
41
174
3061
1651
5044
3893
1407
4596
1307
4769
8844
2536
5171
1193
9291
2737
9325
6283
4931
3684
4007
7267
788
1913
3175
6187
808
1929
9353
7388
4558
1259
4449
9547
3929
8581
9092
8066
4315
5119
9836
3701
2153
5538
8475
8842
9826
7839
174
6057
5347
7279
765
765
1063
1769
9112
3859
2124
3461
3859
1385
1385
2450
9608
5007
5007
4724
6100
7716
1034
1034
9516
2217
2217
4001
7872
301
301
402
7197
433
433
6450
2995
1795
1795
7006
3439
1777
1777
6874
7900
45
45
491
4489
4594
7155
8513
2656
5861
3527
9839
7946
8191
8829
9486
556
491
819
819
1927
2256
2309
251
251
3269
3269
9659
9324
2300
2300
7640
6970
3480
3480
2183
2183
8560
3825
8560
6326
910
910
7775
1776
1847
410
410
4441
4441
7841
5334
4269
5334
4390
1729
1729
3371
3371
7428
8897
9915
4664
4664
3352
3352
6248
5414
3664
3664
4592
5111
8125
1520
1520
683
5907
8358
658
658
3938
8301
2879
2879
5719
1923
1923
6837
4872
5219
1215
1215
2443
2443
8648
742
34
34
5147
401
401
337
337
4618
6348
3548
3548
1109
1109
3834
3524
3524
7859
9423
2734
2734
4080
7565
68
68
267
9513
1744
1744
1165
1165
2043
2043
5660
3723
3723
7034
5941
2754
2754
5579
8700
5920
5082
5082
9948
7851
13
13
1176
1176
3819
6820
9105
7579
4314
4314
5027
8656
5661
5027
8429
9377
9402
89
89
4220
5401
8247
6784
709
709
2435
2435
6992
3818
3818
6902
1030
1030
1957
5503
4870
2338
2338
4371
1549
1549
3379
3632
1409
1409
9140
8322
9
9
33
4341
9706
2533
2141
5769
1388
6560
7694
9001
8647
4518
7089
3010
9981
9280
6841
3280
7181
9192
256
2305
5596
9959
1532
2989
7612
7744
3620
5615
3781
9142
5835
9487
5714
3809
6780
4132
1127
3700
5250
3118
7523
8848
8428
284
1088
5933
1670
9527
4342
4740
3581
2280
7626
8902
7328
7435
1052
3115
7336
2975
1268
6388
4196
3157
5875
6215
155
8352
1557
5611
9941
488
6993
2328
2137
3172
9429
6966
1587
1450
3402
8434
5976
8675
2080
3083
535
9018
4360
3758
6481
4701
7424
3829
5153
9499
7013
8283
7820
6677
6665
7157
2417
1792
2767
8354
8854
5582
756
1020
2015
2672
1220
3150
3385
1794
3139
2983
3808
1163
5983
3289
5841
5504
4750
7947
7876
1899
9956
2016
9101
6573
4423
175
7681
2068
1069
405
6017
5699
3871
4156
145
9055
593
9503
4244
5482
6595
1435
1637
538
5452
7226
3896
4330
9460
8538
5408
3535
1155
3869
7035
1630
3456
8486
636
1621
2604
8305
7904
8891
1858
8167
4116
5863
9021
7430
6999
3882
5259
6744
3128
6449
7511
2433
7734
6075
7930
4788
1558
7209
7794
9089
6460
2149
9495
7938
2999
5971
4486
5308
965
2060
2965
2088
1894
385
1132
6391
8928
9365
5767
8480
3654
9275
7610
6921
2312
7858
158
3674
4370
6738
4178
7352
5792
1680
1979
6462
6766
9261
5157
9559
3478
9267
9943
7496
6828
4366
2985
7636
237
487
3739
9098
4064
156
8879
2483
9595
1984
7169
9590
5260
631
5265
4252
2140
5235
9072
9537
3248
7462
2204
7189
9394
8664
6293
5378
4559
8298
362
7763
6047
2863
4381
7376
4749
293
5353
4016
9378
9504
6006
842
9241
9084
7329
2231
9245
7340
2085
7230
224
3317
8678
9310
9287
4635
2399
8883
2271
4337
447
6188
1484
2916
6946
3801
4300
6889
2834
6299
4953
8667
1563
6120
3397
79
879
7386
4534
375
8473
3533
2611
920
7148
8072
5315
728
4950
2081
252
2061
6219
6901
1517
2567
3940
782
8933
9186
5562
83
5713
1764
4292
8672
1203
475
8651
4312
4203
8440
2198
6147
5382
1003
7245
9349
4035
6569
1431
2650
9647
5337
1943
1719
6066
823
3695
5637
8450
230
2296
8751
4479
7774
5469
1119
663
9141
3610
3753
2967
6228
1760
9660
7596
5467
619
5399
8774
6206
4823
6160
9993
959
3878
4627
2517
2389
7202
9996
9465
8170
1386
1007
2121
2881
7379
2731
1429
496
6539
5996
3399
5022
8148
1941
5159
1662
8204
8715
335
9372
1638
2581
7549
367
3670
2054
692
3109
4369
9799
2353
529
403
7232
4359
7663
985
2658
1904
4586
2415
7556
940
6898
8676
1085
5390
9622
9872
5149
6277
3166
5620
9700
7168
8630
455
7802
5958
644
6342
2238
9630
7174
9978
492
2488
1565
3913
7767
7705
270
7360
2130
7210
322
5473
1936
5999
6033
2928
4034
953
1395
1580
9987
7630
296
5617
1184
9277
6262
7447
2474
3226
1104
7846
3192
280
4881
421
3022
6910
1888
1552
4841
6171
6801
2050
3733
1463
7161
1322
8241
4651
7289
2639
9904
7697
8146
1690
6868
7052
3867
7207
3891
6692
5881
6231
9717
8025
6550
3096
8609
4058
5849
2098
9848
3613
6249
7339
7655
2139
2819
8643
9126
2941
3934
8619
4434
1632
9247
6258
7754
5247
8215
5105
8734
7704
345
5487
587
5397
9390
6320
5155
8914
3858
1190
3594
5379
3015
5691
700
7067
144
6114
3181
2235
8816
1803
6666
7534
1839
142
9209
6733
7031
1205
8964
4146
9977
5950
4991
7469
1064
2835
749
3788
9176
5412
6383
7047
3770
2640
6620
7739
8043
4575
4491
3814
4084
6315
7618
4467
5790
1174
1581
1152
3693
473
7327
452
258
434
9309
5169
5846
5581
393
5389
4501
6728
1958
6286
9880
8287
3571
3976
7171
3999
7162
1278
8482
5458
3469
8625
706
6027
4247
1562
8040
4589
8569
9180
4816
4919
1826
1837
2352
9470
8206
4615
4789
3742
1788
6515
7875
8917
2201
48
4516
3195
7881
747
6794
1402
2206
4507
1235
6371
1100
1610
6044
3988
4622
7997
7819
8071
4741
33
3696
3696
4403
6736
4409
613
613
1138
3232
7108
8019
5541
4851
1138
5711
4760
6063
4162
4760
1420
1420
3890
5076
7346
1716
1716
1383
1383
1879
3464
6086
1200
1200
2160
3261
8753
3851
3851
3356
3356
4078
5296
2325
4078
1217
1217
4127
4127
7044
4747
4426
4426
3785
3785
9963
6197
4308
6197
7562
1180
1180
2164
4436
7312
7429
566
566
7837
4506
4506
4098
4098
4242
4242
9415
1507
1507
1513
6729
4918
2874
6729
2514
2514
7965
3837
3837
8614
4955
6865
1629
4955
30
30
217
9907
250
8516
4871
4524
3865
3615
1269
9925
6426
9818
8975
4965
4225
3740
4440
7662
9803
5277
2584
217
7834
9560
4229
4229
179
179
8003
2102
2102
3965
3965
6398
1162
1162
527
527
4646
544
544
2244
3744
6987
5092
9286
1831
1831
6090
4000
2422
2422
7276
2909
845
845
9510
2859
2859
3544
3544
3798
3936
4976
8965
8075
671
671
2176
9017
5583
2176
7590
8887
7412
2596
7412
685
685
3778
9159
101
101
4671
5261
9081
698
698
1341
1341
2605
2464
2605
1555
1555
4476
2918
4476
1105
1105
3667
4054
8818
36
36
8336
8873
305
305
7123
2733
4
4
895
1602
4864
5554
5777
3013
8254
9347
8721
7650
895
7135
1408
8100
889
889
1968
1263
977
977
4039
6831
6451
3536
6831
3431
3431
4091
1829
5878
483
483
659
203
203
729
729
4804
4238
3924
3924
7255
4050
4050
4509
1588
1588
3437
6587
7580
184
184
5213
6474
6025
1767
1767
1815
1815
8380
2670
2670
736
736
1313
7066
8858
7233
1568
1313
3956
2655
2655
4018
4018
5739
818
818
1499
9562
9639
3574
2066
7809
2827
5117
2416
6439
2129
1499
2589
2589
9673
8504
7083
8504
1753
1753
1812
2968
7347
687
687
875
1015
9923
2896
1015
8269
8102
2954
123
123
127
2846
5806
6602
1728
7499
1860
8068
7971
2898
9550
3522
7468
9226
7138
8160
2014
4814
8632
2138
3653
2938
7306
791
8325
9436
7993
7899
3084
4474
6886
6099
738
4890
5845
9468
3054
1878
3752
8446
2251
1216
4122
4490
3661
3176
3769
3861
2366
275
9551
2438
3520
7966
3019
1598
8693
3762
6068
7286
8370
5355
127
3266
5530
2791
2791
9250
6131
2844
6131
2247
1892
2247
361
361
6127
4545
364
364
2760
2760
9121
5010
4237
4237
9701
9535
5035
5035
1699
5973
1650
1650
2490
1204
167
167
1173
1173
8945
2447
2447
2747
963
751
751
5534
8474
3595
5534
521
521
1963
1963
3485
4675
4675
7850
8481
4494
4494
5633
5633
7241
8674
3465
3465
724
724
1787
1787
1821
5539
6138
759
1821
6138
657
657
8251
1548
4715
8251
1122
1122
1561
104
104
283
2816
5967
209
209
584
4547
834
834
850
850
9866
1675
1675
2156
2156
5098
266
266
575
2334
773
773
1096
8778
9438
4159
7895
3897
9197
1438
3403
5946
2534
9875
1478
9741
6598
4828
2072
1096
7906
3347
3347
4251
1134
1134
1276
9531
6227
7803
7538
4420
6614
8185
7601
8213
7544
6734
5438
2665
6893
4603
2942
3330
3634
4853
7887
3375
1276
7050
8939
5655
3681
3681
4161
8479
329
329
757
8015
2814
757
3951
1569
1569
3349
8795
680
680
1233
5720
6985
6108
1518
3369
8409
5338
1509
1233
7470
8135
4716
7470
2127
4716
775
775
2181
2181
3180
4643
4643
7671
8484
2467
2467
9135
1848
1848
662
662
1083
814
814
3404
5267
5585
1886
1886
2766
3486
482
482
8736
5156
7498
360
360
1167
3855
3855
5237
6107
9549
828
828
1260
9567
2818
2818
6958
4154
4154
6280
9371
5302
5302
8997
276
276
4845
2940
2803
2940
7860
478
478
9333
4525
4525
2532
7011
1111
1111
5838
815
815
9804
2191
2191
194
194
2504
2504
4119
160
160
7605
1039
1039
6920
4548
2378
3144
4548
597
597
7019
735
735
490
490
7515
3614
3614
4194
4041
2815
4041
1206
2815
334
334
4361
1966
1966
313
313
2264
354
354
2680
3102
7517
4560
2598
4560
8934
694
694
3182
7249
7249
8920
9374
1483
1483
1861
6951
2615
4667
557
557
863
4133
2518
2518
5574
3234
3234
4946
1103
1103
359
359
526
526
6296
1080
1080
5377
4729
4686
5377
1900
1900
6911
6334
132
132
1468
6605
1889
6461
4722
8159
1718
7513
8085
4396
8591
2134
2178
9570
8198
1759
1468
8478
7450
2064
8478
136
136
769
7756
4313
6661
6727
3589
2412
7021
3665
2626
3922
9123
3657
5042
896
7315
6477
4694
891
9217
2945
6476
5584
5780
3843
5813
5507
1843
3624
9243
6242
2565
2934
9022
7278
6372
4115
769
8430
2713
2713
9954
9739
4616
6236
9739
3257
3257
9194
720
459
459
6929
513
513
2223
2515
4282
4282
9153
7071
935
4363
7071
461
461
645
645
6252
4630
4630
5263
6548
1354
1354
3205
9604
1806
1806
7678
3923
7678
5041
540
540
6250
6525
975
975
6579
8150
8080
2478
2478
7258
8518
2044
2044
9389
3053
1319
1319
8042
2717
5275
1010
1010
1685
5278
5736
3163
7972
5396
9451
2562
4352
7583
5328
2765
2208
1841
1750
3361
9961
5062
3194
1685
5229
6699
2367
2367
9902
4880
4880
7224
2876
601
601
740
740
2593
2600
2291
2291
9029
6229
239
239
2751
9183
4227
4227
4748
4748
6176
396
49
49
225
8098
5914
316
9969
9671
2310
6659
1066
4068
8455
8665
6132
5342
8898
6438
5293
4493
1286
755
449
7759
639
1978
1603
4540
3651
9257
1258
277
6333
4636
2232
8376
5501
9445
3138
8828
6934
1310
5013
3766
3390
6640
9262
2163
7732
9588
8963
3140
3854
4027
8893
6000
2825
6835
4987
2333
3016
225
1059
1807
5850
7514
5456
8709
6184
5968
9983
5481
1059
4129
6425
4916
3585
4129
4916
2159
2159
2740
6528
59
59
102
1097
3222
9388
2354
1305
85
85
5644
8448
185
185
7103
3931
2122
2122
4956
4628
4956
4429
4628
6128
661
661
3691
693
693
1367
3334
2557
2557
3106
5427
2920
3106
5427
1417
1417
1365
3448
573
573
5286
2320
5018
618
618
7762
6421
589
589
854
3168
116
116
4875
7568
7215
6615
6615
9703
7301
2375
2375
2423
7542
4424
234
234
1492
1492
9758
6307
6307
9583
6230
5343
6230
4762
5343
1412
1412
4266
1668
1668
2845
4354
3365
779
779
1373
3641
3643
3643
4714
5475
1430
4714
1326
1326
6529
9319
5935
5935
6268
1261
1261
2383
5230
5798
5101
2764
3748
2669
7928
8309
4454
8821
6155
8606
2668
2383
8888
7079
8602
3525
3525
4432
7989
76
76
2079
6338
5204
3570
8512
3782
7247
9629
8081
7186
9077
6137
6718
3246
3638
2724
2079
5025
5025
6875
9155
2531
2531
2684
3484
5662
2524
2524
6325
8371
1697
1697
1229
100
100
133
6586
3237
7160
5468
398
423
7541
1437
7600
6121
3002
8197
6807
5809
8435
1032
133
138
2390
3408
9119
9819
2773
933
8487
41
41
90
5563
8214
8970
3771
1793
9829
1456
1456
1846
1846
2169
2169
3171
3378
4928
9667
5388
3579
3579
8420
9075
2588
2588
2671
2671
3270
5628
6514
3098
3270
6514
2152
2152
439
439
5470
265
265
1148
9704
3697
1148
7389
5740
1303
5740
1179
1179
6969
4152
3259
3259
8231
3301
3301
4963
440
2424
4963
418
418
481
481
9256
7561
998
998
5659
6098
445
445
790
790
862
3255
7002
2573
862
862
4848
9351
4659
4659
6005
6982
1057
1057
6856
1002
14
14
27
31
3507
5253
4773
4979
8731
1449
9185
65
65
67
1183
2473
9519
5865
2587
9450
6651
6062
4766
7727
5241
4083
2906
9125
1786
3915
204
6788
8282
415
3699
768
5805
5498
5186
789
3998
2242
3345
7001
3698
7020
6779
5993
3888
7692
7905
2145
8141
9068
9037
4048
4179
9515
642
1393
7828
8444
7894
6083
8001
3848
6429
3601
6043
3129
7159
2463
4456
1658
7030
5694
2908
8133
9967
8483
3152
2236
1627
3961
9497
691
2622
7073
8752
5095
6962
3307
1757
9891
7848
351
3075
4202
3077
1090
6224
8374
6270
7317
9789
9373
4943
67
7953
8582
4654
4654
4696
8627
1462
1462
6830
510
510
753
6275
2439
2439
5978
9635
3045
3045
3134
3134
7266
7266
7847
6811
6571
7847
1969
1969
4688
4150
7296
154
4150
2
2
2363
2167
2167
7760
6089
4606
7760
3447
4606
1801
1801
2261
8465
193
193
5524
253
253
3341
4574
6952
2597
4574
102
102
5400
4356
3717
5400
996
996
3650
1061
1061
1244
1244
1425
5332
8880
4707
5332
2359
2359
2652
404
404
3070
9555
1681
1681
4945
6179
3127
3127
6679
9974
118
118
181
8152
5959
392
2071
2624
1465
9868
4520
3947
6503
9931
1086
4541
8540
9259
5021
7934
6140
3663
446
5535
4243
6020
2496
2979
8612
558
8722
6905
4105
1227
7137
5621
7236
9442
4332
2220
3267
6495
2074
9215
9594
4471
2270
4975
3677
4262
9496
1773
7891
9227
2712
6882
5329
5536
9246
5395
292
5001
7574
764
8756
6405
6762
5705
2926
5771
8815
8431
248
7398
9615
6518
8432
5896
2738
4176
7372
2947
5807
5443
3220
2550
3710
4209
6166
3547
9726
7761
4250
9023
8585
5508
7817
2869
1534
1665
3400
8976
5049
9771
3473
5255
6683
7295
3835
612
2981
5063
1142
8061
5718
4695
4661
5729
9643
8126
6102
9790
8710
7587
3125
181
6724
6989
5994
6724
1387
1387
7979
7873
2123
2123
752
752
2316
3216
2691
2316
8200
8200
8424
9090
2006
2006
4712
10
10
12
128
3373
2485
7461
4819
4304
9331
5331
7220
9085
1977
2663
9408
8547
6145
3272
7397
9899
4906
6473
5571
9991
377
2729
1527
2275
9305
5196
1273
8006
3646
1950
8088
1040
5955
5775
4639
3964
7983
3110
7986
7755
3284
8038
5369
4597
1485
4619
8904
2109
6559
2644
3692
9724
1891
9385
9920
365
993
1496
7371
6552
2693
6676
5492
3099
6673
7950
8760
2753
7836
3887
2840
958
1440
8495
2055
3658
9269
3454
1595
1137
4463
8855
1877
7507
3298
5520
1601
9045
7982
7100
8463
4601
900
1396
6945
3892
2369
9609
6606
2986
4193
611
2067
766
9986
7718
6478
3346
6543
4977
9692
5588
9514
9255
9837
8673
9469
3719
9777
621
8405
7427
6125
9311
6332
7939
6222
3541
8472
5194
9279
7185
2218
9007
1302
2516
8239
1195
6390
7936
3537
9057
2811
6750
2929
8014
6712
8057
886
1584
7303
5747
9685
730
128
1954
1954
5873
4008
4008
6752
8706
8459
7725
8706
188
188
9642
2994
1472
2994
1238
1238
2466
4067
140
140
3062
6111
4900
8084
291
291
1724
3322
5366
4399
6
6
429
4021
656
2777
2777
9617
4693
4693
5843
235
235
3921
3921
6237
6345
8593
8175
1290
1290
3642
4372
5323
5724
436
5323
5724
221
221
8238
8838
595
595
4199
3031
4199
1078
3031
630
630
4254
1358
6192
545
545
1933
9199
2768
8194
9283
8850
6938
1933
6055
6055
6706
9000
2802
2802
7646
4801
1265
1265
8039
4761
1647
1647
1840
2428
6628
1542
1542
5598
8960
902
902
3047
5970
8137
3800
3800
321
321
9852
4190
3252
4190
9975
3240
3240
9426
960
772
772
8666
2341
6135
8666
600
600
516
516
727
4340
4049
2992
5833
7126
1285
727
5549
5549
7321
5552
5531
5552
948
948
2915
2915
8754
3514
3786
1817
3514
987
987
2193
824
824
3251
3441
3441
3471
1315
3471
707
707
890
5575
5364
4669
9104
1908
890
3797
3539
3539
6387
6949
6949
7855
846
846
3203
3203
7419
247
247
2427
577
577
899
2779
6813
5991
5061
3382
899
6532
7695
3884
3884
5142
1553
23
23
2527
5988
2177
2177
9169
3506
3506
1164
4318
429
429
6726
3088
1540
1540
3290
2278
3290
289
289
689
689
1949
1949
8655
4968
8317
8655
2709
2709
8062
2106
2106
7486
2037
2037
2880
4533
3007
4533
6211
2696
2696
5298
4865
926
926
1353
3623
4782
6843
56
1077
3457
6274
6980
4590
5361
4406
6327
7824
6343
6175
9792
6103
1579
2725
3467
8281
5665
2094
6486
5706
6510
5437
1077
1475
1475
1873
3689
8701
9755
4239
4588
3689
3689
9143
8423
6637
8423
5060
6637
353
353
1246
315
3
3
16
4650
8382
3967
7641
149
1915
3414
8208
6516
1279
6796
4425
8347
2571
8542
4731
96
9885
6804
8989
8332
5980
3532
282
5457
1301
4472
1018
509
5132
3489
6509
5433
6703
6339
8561
381
2115
6323
4099
262
4452
53
9644
8680
2627
7218
5525
971
7795
780
873
7293
2431
3154
6923
543
831
1784
3419
8321
9163
9528
4629
1115
2961
4948
1042
8984
603
4852
9966
1006
1995
2351
2555
5816
9637
6526
8792
2093
4957
1577
4797
8847
2075
5759
1694
8345
6432
5725
8000
4998
1789
6363
2289
8523
2108
5618
4863
7870
153
5341
4882
3962
6607
3660
2907
1708
9214
7176
9871
7198
3146
4316
6739
7095
4025
2560
9339
8548
7058
3833
3174
1264
3597
9906
9785
2340
3327
8161
9889
7546
8988
4284
7582
3666
6786
8589
3906
8223
2003
9751
8794
4131
3097
6894
2666
9844
1980
6497
5359
5057
1763
3828
6768
8121
8622
6181
9980
3981
2189
5546
7518
9522
984
2823
9525
4572
6308
6013
3795
6385
4059
5067
182
5626
9100
2186
6485
9184
4301
4134
3360
6151
8323
2404
3907
9161
6547
501
196
1810
4942
2632
4894
8894
3049
2039
795
4011
2346
8654
5326
8383
6572
4206
9628
2008
6513
2607
272
4160
8852
5154
1624
4464
2520
5900
5271
6058
2659
3221
6401
8327
6322
9602
4861
938
9166
6650
2949
7766
8412
2612
745
781
5609
1156
1187
7488
7501
4595
1414
1458
2901
7962
6370
8747
1253
7325
3963
5923
1659
8228
3824
7951
9937
382
4230
8258
5199
8764
9228
9979
6488
8165
7275
4128
5744
702
1357
3294
4689
6690
4777
3091
8045
7465
734
7722
2858
8689
7961
8519
3409
4114
6883
1308
5365
4883
1177
4721
7578
5930
4201
6386
1082
3417
7299
308
4303
2078
9927
1251
8732
5589
5336
5356
3184
5012
1612
4231
3864
8034
138
5778
471
530
4164
4097
5514
5834
778
763
1112
6988
6501
6469
1161
456
2721
5564
4517
8660
6368
8545
2056
9441
8881
8275
9746
3450
6611
214
5052
1368
394
6584
5793
8059
8927
9203
8467
934
1952
2118
86
9621
4757
4453
9036
8719
2069
8981
3979
2099
2172
8783
1639
3147
6861
3338
1318
6613
7784
4347
7912
9410
5106
1779
3538
4994
6565
4046
9113
1743
697
6903
1120
6203
7216
2420
2564
4465
352
3540
7479
9056
3245
7639
8341
5876
6704
8688
6225
5292
241
7078
6748
6892
8314
7455
3335
3119
5317
9759
4565
1909
7555
5938
6908
3502
3074
7686
8971
9888
3395
1989
4188
8103
6979
176
125
8508
9211
6937
5447
9847
8564
6530
5304
9835
607
9638
955
6022
8985
3718
2143
716
3247
6826
8286
8315
8797
2654
3073
6079
2042
8790
6928
9752
3715
2558
3749
732
8535
5880
3117
8600
4648
5511
6624
4487
1538
2063
2853
1198
5866
472
5301
7451
8112
4457
4233
9207
3263
8418
5367
2621
9299
2272
6382
327
2095
4874
674
2162
1937
9335
2831
3768
9040
6376
5249
7399
6010
4602
7294
1467
8400
7012
5870
9820
2787
4310
112
2184
4827
1333
5962
3124
801
4678
961
4531
2011
1920
6164
7093
414
3590
4869
9016
390
7349
1170
1541
588
3436
8932
4744
5028
6785
9517
3682
3949
8809
3304
3136
5954
6618
6218
9656
7165
1160
3694
9624
212
6002
9932
4290
4704
5276
1813
8243
9078
2411
8807
4820
2382
5761
6670
3904
1609
2240
944
2620
4539
2957
1881
6608
2576
7106
2286
1686
722
8078
9359
5335
5299
5097
7477
1906
6396
9965
4913
5680
865
585
7614
152
7782
7038
3282
5797
6454
800
16
17
1213
1436
7119
9088
2769
2429
2796
8503
8162
6687
1444
669
2471
1896
5251
7853
9356
9686
3569
8876
7147
9807
5825
7726
1009
1296
2023
903
7074
2221
8839
9911
9688
1533
7271
2711
4551
3508
8886
7370
8570
330
5046
4136
5216
9479
4997
2944
1397
8922
8028
3945
1862
3167
8530
6964
9802
2646
4896
743
4522
7206
7244
3274
8717
5852
9973
2436
8584
2083
4626
9814
5363
141
832
8713
8404
4245
2820
6705
1355
1850
7661
5819
8127
4376
3067
2715
2525
9182
5422
6758
2798
7791
480
6700
7203
5459
9412
1356
8307
1447
8373
3396
6443
8451
3513
358
913
7635
4505
6591
7898
517
3659
4995
5136
1277
5460
9879
8291
4123
8441
2730
5752
5387
4914
7356
1019
3254
3645
1934
9338
6358
7674
5165
677
7680
676
5288
2657
7916
9035
9058
7563
2799
8506
7065
5862
8427
8882
69
8830
4205
3206
7821
5601
1299
4577
3844
6012
2837
3249
6455
5960
2273
3381
1292
3281
9529
1526
2497
7335
1504
6254
5162
2212
6014
8605
3311
1001
279
9144
3600
3568
261
5605
5188
4706
5245
776
2062
6604
2842
1274
9833
502
5280
2030
711
3862
485
8036
5116
9582
4940
324
6881
7890
3895
8176
4668
9850
1133
4075
2808
5888
754
5120
5221
5989
4135
3791
9500
4267
2255
2888
9652
5932
3546
9577
8296
3424
4305
1033
825
6621
2329
2537
386
1418
2041
8772
774
6053
8365
4708
3293
5872
7242
1654
1775
4234
1953
3112
3980
9603
5411
1243
6904
211
4526
905
1280
495
651
7631
1961
5099
407
3452
5039
8083
4764
9682
5731
7929
4323
5748
4336
4897
4175
6839
470
2955
2705
7793
6680
7178
7314
5307
615
5160
1727
1038
701
7474
428
1522
2480
3314
3367
6097
4014
8091
4682
1998
8329
6741
6798
855
8865
3919
6433
1551
5595
9689
7282
1084
5648
7746
3648
6960
1599
6954
7305
2528
8546
1489
5148
8616
4232
5542
4649
1567
8285
2472
5586
8952
6662
3440
4192
3040
8541
8387
2403
4571
4735
3826
3162
9158
817
1281
7868
9326
2179
9934
2694
5794
6832
9145
8857
8145
4081
1736
914
8702
3169
7524
8047
7627
2648
7205
7144
7698
9634
8712
1399
3143
5801
5110
9099
5700
6789
5222
3355
5080
9953
9679
5823
8242
9334
1118
9649
4012
9596
7878
3244
5879
4466
9433
1661
9815
9095
5421
5721
8845
9298
9757
8174
2252
598
3901
3326
8510
314
9069
6723
9348
507
17
19
20
9729
7849
8994
55
172
512
5645
7883
1890
4445
2263
670
1404
4400
1655
1655
9210
7711
7711
1951
1951
2904
2904
3057
1191
3057
1050
1050
1460
1497
7114
172
172
389
3462
5911
6872
9797
7752
5937
7752
8819
5065
5065
4549
4272
1898
1898
2688
6917
8650
8333
786
786
2046
2046
5405
9481
1028
1028
8940
704
32
32
90
90
767
8295
9851
2638
2638
797
797
1102
1102
1981
1644
1644
3063
8462
7345
9301
7445
9768
5811
9631
3916
3063
6653
8381
5654
5654
1911
1911
5384
522
522
9747
3071
1023
1023
2009
2009
3052
7354
1282
1282
8202
1506
1506
2619
4125
5351
5351
8875
7689
512
1785
7689
389
389
533
872
5629
9683
5426
4542
3711
5183
3296
872
7504
9357
5453
5453
8330
2308
2308
2613
2613
3577
6588
2510
3577
6588
12
12
19
9400
6157
1422
3944
8929
2282
3944
500
500
1530
2553
5287
2045
1530
6984
5029
6984
7080
625
625
183
183
625
6482
1098
8866
8817
1145
1145
2771
5692
3423
3423
9578
4992
31
31
168
8403
2973
3894
1182
5641
7728
8367
4921
9511
5890
7735
7642
5075
4806
190
4756
1916
640
6353
1186
5442
5649
3517
533
3131
8335
9696
2111
8496
3759
6814
3445
9541
9666
6029
9598
2889
746
9957
4607
3802
7330
9387
2608
168
6764
2952
2952
6056
937
937
5228
1
1
8
22
40
58
6003
6825
3023
567
1067
1986
582
8607
995
2384
2771
6880
7466
3427
2757
7032
4988
4988
9306
6776
1778
6776
8769
339
339
1335
3463
1192
1192
2742
1857
1857
5040
6753
103
103
9705
5902
9518
874
874
9728
5593
6873
861
861
5005
7426
8044
435
435
5465
366
366
5556
6104
9157
8812
777
5005
3885
474
474
7223
4061
6635
7223
206
206
3009
3009
3121
8509
303
303
5002
8049
1932
1932
4676
8720
835
835
1219
1219
7201
7459
5279
7201
7459
5269
5269
164
164
6360
1257
1257
1828
4307
8566
1065
1065
1065
1531
5678
6791
2205
1531
7229
2956
7229
9236
565
565
8969
3726
5346
8969
2020
2020
4430
5622
8
8
42
46
3026
2101
3836
9856
9413
5953
9341
94
94
319
4843
4562
9006
5192
6747
9919
2174
4502
9361
6313
8140
7323
1539
4395
2326
8685
3920
5138
4512
2017
9869
7322
4514
4103
8926
4030
3703
2575
1987
7798
1722
559
5493
3908
3376
9137
1331
1252
5140
906
5330
5726
807
8494
8375
9208
6948
319
844
1687
6189
8294
2566
6755
4112
5393
1698
2295
2716
2743
4641
1150
844
3137
3137
9031
5424
518
518
616
6986
6986
7621
6935
6646
7621
1330
1330
8824
8761
7195
8739
8761
2360
7054
426
426
1336
5054
8076
9048
457
457
7668
664
664
6849
454
454
1535
3730
3905
139
139
1154
1154
3155
9278
6130
1332
1332
2170
1508
1508
3483
3483
9328
9787
5100
5100
7924
8186
539
539
8755
3860
3860
4120
5929
7128
3799
3799
1208
1208
2699
576
520
520
6059
6848
1476
1476
2444
7740
7977
2222
2222
633
633
5715
95
95
105
2168
6720
3065
7818
2552
7832
5506
4700
7653
6955
4901
151
9271
8031
8741
300
650
3029
3708
7902
4222
2279
105
5702
6276
2002
2002
4822
3389
675
675
7265
1473
1473
2038
4739
8263
4147
4147
8782
2033
2033
4808
150
150
8253
3611
3611
7257
6541
2318
2318
6667
6754
3273
6667
2155
2155
7449
7086
213
213
511
5762
8733
8007
5803
7629
1735
4002
6631
4718
1503
511
2919
2919
9658
5642
2511
2511
5917
6944
1501
5917
690
690
969
1439
1439
9422
8599
3199
3199
3832
6707
7091
2662
2662
3135
5653
8356
2924
2924
3705
6221
5227
8862
3675
5227
201
201
688
2356
2356
2854
4107
1363
1363
8962
8699
6431
6431
3927
8343
881
881
3545
37
37
6649
6649
6975
1838
7188
847
847
2523
7608
227
227
3509
2563
148
148
654
8728
6580
5126
7200
6414
1582
2311
9599
3256
2446
7051
9148
7945
7985
2058
668
9507
4684
5734
8359
9714
3764
654
4121
2190
2190
5071
5071
8342
9258
2175
2175
2133
2133
3271
2862
3037
1380
1380
8219
9025
929
929
4844
1070
1070
2512
2512
2902
8189
5208
5208
7149
4265
4265
8544
6011
326
326
4499
7284
243
243
552
552
887
7256
4877
4720
1907
9004
3229
6205
1512
3030
6761
1802
1749
887
972
7603
9384
5009
1742
972
6441
9786
2601
2601
25
25
42
8022
6638
9509
9862
1461
9990
3722
9094
3683
42
9942
2100
2100
2568
2556
2556
3617
3617
6088
1641
1641
2996
4309
1649
1649
2962
2883
2883
3372
4737
4911
6639
6134
3688
3372
4705
4705
6282
8935
816
816
2903
2903
3401
3481
3626
3258
3258
4791
3351
3351
4703
2685
3130
4703
242
242
246
8868
6085
9419
5087
8987
2867
1297
5695
7581
9106
6771
3616
1761
6331
3523
4329
7664
5931
9093
7706
8229
7309
2027
8798
4581
9687
9336
4738
9572
2797
6558
1677
4293
9883
1110
246
4825
4825
7166
8453
3008
3008
8033
5398
5486
1893
1893
5137
9822
2327
2327
9401
216
216
4165
1875
1875
2374
5102
2864
2266
2266
8642
5657
2323
2323
4353
5800
7765
614
614
3028
3028
5551
876
876
2988
3995
725
725
8147
3856
135
135
5428
3446
3446
4879
2526
2526
1706
1706
5419
5419
9861
7003
1956
1956
5324
2852
1060
1060
9838
7107
1275
1275
3323
3323
6556
2795
1348
1348
5608
1427
1427
1576
3014
3014
8065
4286
3994
3994
5558
9731
6496
1123
1123
8763
1691
1691
2277
5587
5925
921
921
3671
6742
1375
1375
5420
3320
63
63
5086
4086
5086
6998
2993
2993
7537
9543
2689
2689
4210
6523
6973
1547
1547
8415
5205
7454
867
867
7283
7682
1528
1528
8698
4056
860
860
8203
3959
3959
5107
5788
741
741
1768
1768
3530
5431
1037
1037
1231
1231
2805
3499
3499
3874
3750
3673
3750
7277
1360
1360
6026
6026
6113
9579
6956
6956
7666
9733
6844
6844
7864
278
278
1626
1626
4854
7173
2878
2878
5510
3494
3494
7464
5894
6890
7464
5181
5181
931
931
9083
5860
966
966
8271
6024
2460
6024
770
1398
3996
383
383
578
5945
5513
8579
7799
5000
3177
9778
6553
8386
804
3815
2337
5817
9765
9322
1643
8355
8977
5625
4811
6578
2125
8437
3561
5019
3510
578
1151
1151
9130
6150
1747
1747
888
888
924
8379
2732
3046
2131
2131
9434
4459
6619
3516
3516
8005
50
50
4830
1320
2120
4830
1113
1113
2946
2946
3647
1928
1928
2301
2978
4790
3068
3578
2789
3068
3738
2786
2786
5448
2746
4727
5448
425
425
46
46
1324
5354
7010
7316
5485
6049
4742
6859
2959
1324
3032
5078
8363
1653
1653
1014
1014
8588
6860
4511
6860
1640
268
268
924
1604
1604
2258
3552
3552
8311
3863
3863
7406
448
448
1988
4859
2892
1988
6444
7535
6007
6007
2418
2418
7593
4838
1415
1415
2578
2578
4461
4443
1000
1000
3260
2591
3260
9982
826
826
3625
3625
6717
4374
3295
3295
7780
5200
6909
298
298
4989
7452
8477
528
528
581
8833
3487
5151
8840
4768
4768
6645
8108
7926
3021
3021
9865
4275
1359
4275
8968
254
254
849
5066
7719
2801
4932
1874
1874
9863
6419
4226
5066
6845
20
20
8930
4140
5472
1270
1270
6845
8079
9625
8300
22
22
27
9393
3024
8966
3312
4640
7191
336
1406
9633
1361
9998
5889
3005
5480
4106
6600
7175
1636
1114
9458
4670
9288
5474
1870
2314
7829
989
3939
1999
9455
5464
70
3018
5096
8705
5478
6817
739
7221
4692
7943
4410
462
1024
7935
9853
1772
8279
8008
1997
7413
6983
1887
9653
6778
4972
4726
6001
7611
7693
5150
3928
3639
1159
6471
2582
1664
6367
9772
885
1625
4779
7687
8260
419
4556
1423
4792
7564
3572
1189
1712
7521
8111
229
7942
6244
9553
7594
8577
7285
2890
8640
7141
3519
7390
7411
7307
5207
5768
8793
5270
5979
3276
4421
5784
2807
8216
2171
5127
6971
7355
5688
2849
7014
1008
581
1842
2076
5211
6038
7595
1126
4923
9882
9139
4578
7151
5707
9297
6093
9886
8092
6947
5545
1855
6505
5926
205
6689
6709
2917
6349
941
7648
6625
6346
2229
4004
2180
297
9723
8586
1863
5070
4151
9304
2586
8334
5123
8603
7133
2322
8501
3707
6480
8180
2405
8860
3971
551
1671
143
7077
7871
3472
9587
1479
121
8181
8252
5383
6397
451
1248
3292
4276
4101
6070
7999
8978
2744
4604
6289
4795
9745
9323
9409
1125
3497
6174
4949
3082
7146
6994
2522
3034
4885
7127
5577
6417
4462
4488
6562
653
5191
8617
1382
6273
9936
4723
4392
8983
3806
5517
2617
1196
5112
5425
6479
7467
1124
8143
4840
7104
1228
3156
894
580
5059
341
5047
2551
9109
1470
1714
2022
4576
4564
3846
7952
9232
259
8422
7139
8139
6756
849
5264
6648
609
1867
8331
1466
6413
5266
1600
6464
7375
7423
8759
5212
858
9042
4181
2287
2498
4320
332
6632
7298
4113
40
3989
8348
3790
6457
3324
219
6846
2070
8668
5802
4280
5570
550
2307
9900
7338
3932
546
8052
3556
9618
8129
9894
2362
3214
3850
2770
6190
6403
2727
218
6643
2736
1805
6897
8789
2470
2865
4368
5318
379
3413
7182
9890
2105
2868
4405
1672
5129
6317
6933
5548
3116
3211
7395
1044
3794
9568
8679
980
7908
9010
1748
5091
2304
6266
785
9177
7619
9909
7145
8267
7270
4102
2053
8948
1419
260
4311
4624
9985
9014
5394
4530
3107
1515
1755
8686
9097
159
1616
8921
8521
3141
9376
3092
9355
1726
5672
6259
750
3816
43
7827
3086
4415
5172
5647
6546
8841
1202
6819
8631
3201
1745
3687
7949
1572
9565
8786
9548
476
5916
2358
6061
5974
5179
4485
1143
8041
8768
6050
7531
7392
1210
5883
8835
4321
9053
3725
5223
9769
1108
3198
7007
4613
7783
468
9164
6116
5910
3468
796
2793
3990
537
287
8683
1546
4076
6351
7408
4755
1854
4593
672
4043
8454
9248
7425
4614
718
1266
901
4003
8344
6400
1175
4536
2165
3412
5450
1853
2459
111
9437
4702
2203
7187
8132
4856
3720
5572
1021
6212
6585
8539
343
4929
5320
72
6896
6963
9597
1836
1617
8222
4331
7420
869
3831
4289
1666
9725
2452
3813
7576
7016
5569
8395
2645
8552
4187
978
2313
646
8500
3873
8638
5089
1491
3586
6596
6453
7064
9742
4235
9038
5176
5668
922
5543
9616
6714
1455
4960
1029
5947
8511
2681
4807
7112
838
9971
2977
5143
9564
7502
4038
6393
1166
3358
3207
3055
409
9832
2891
2692
3159
4895
6775
7170
3398
4633
5638
6913
8562
3588
3056
7056
6972
4793
3918
9231
4483
2506
6112
3466
5432
590
3840
6997
9308
4223
7602
2758
6263
909
3655
4962
3627
3950
7654
7410
7987
5440
5696
8410
2381
2432
916
6144
6722
2357
8302
9427
547
564
2299
5597
5710
1574
1027
6067
3123
5079
5751
4920
634
2475
7458
5198
7260
7251
4294
498
6522
2499
8726
8050
7416
2092
5371
416
8073
8990
3704
5158
1704
9968
1197
3095
4412
2972
9708
7886
7243
9727
6321
2698
27
44
3302
3027
6402
2051
6542
8089
1178
6622
5610
106
2196
2306
1830
2034
4042
945
9661
8681
5550
7480
606
3847
1481
7573
6777
2984
4258
5164
2826
699
5479
7991
7015
2636
4212
9285
3060
4888
3170
3803
2265
5281
8946
6434
2828
1207
7677
2114
7571
2370
6064
3953
3283
9903
8384
6564
8885
6216
3287
7291
6101
8123
3165
5125
2476
191
2283
6931
47
7225
9716
8520
342
830
9332
4610
2922
6827
6045
8662
3438
1918
1917
5903
8138
6519
6630
1774
5567
3779
8105
6950
5565
2970
6152
9589
2293
3984
5017
6823
6078
5918
6816
169
5015
7140
7969
5234
2321
1477
6340
1025
347
8742
4855
7529
9421
3286
1820
6483
9801
9665
7990
4090
5252
1405
3432
1754
6375
6655
2442
2213
4835
8892
8016
9938
2407
1511
7036
5375
1970
3239
954
2882
1799
2943
7525
9573
8013
3421
3741
110
3476
6926
9080
9467
4810
1254
1564
2664
3111
5812
8393
311
5952
2707
5068
5523
7405
2530
1092
970
5170
1673
8611
441
4662
5738
5826
5821
840
7254
6812
9222
7558
4824
7319
3960
5990
2284
853
8074
7527
3656
6953
4302
3380
5374
388
7180
4045
3724
4345
6472
5232
5764
1525
2850
9722
2923
4927
6737
810
5733
2257
8781
3529
549
4993
3810
4384
6379
2087
7638
6981
6032
9610
4527
3297
7308
328
4073
5291
4435
9962
9800
7288
5254
1946
2385
5190
8154
5434
3721
3619
5975
6162
5072
4898
6281
783
8750
3729
147
950
9096
129
8766
7348
6077
7183
8070
58
5202
6408
6178
6034
9482
1733
9110
3004
5415
799
8128
9766
4215
6668
5898
2029
9430
2441
317
9663
4642
4711
5671
9749
8649
299
1771
2228
2833
9340
2856
3875
943
9265
7833
4850
5927
4407
1239
7053
5124
4910
2007
1844
939
1389
9483
1225
9205
9569
7925
5884
1721
4623
9960
2012
2397
3872
8633
9449
7964
5851
4326
6599
2049
5103
3186
7816
5416
4644
7434
5295
5732
1304
9697
1935
9360
7253
8738
8443
3985
5540
8924
2590
951
9358
1240
1005
1994
331
1076
2875
8115
9892
5939
6115
1035
9626
9508
1055
7769
8210
3822
2677
8471
5810
5300
1371
1284
2388
1289
244
6867
9133
1702
5576
4442
1230
3300
8808
9411
4961
1410
5599
7292
4204
2103
3839
8236
7400
304
4253
6681
7109
7520
4036
44
77
77
3264
877
4006
626
4256
7559
1211
787
3197
2136
2136
8583
9526
5135
5135
3299
9908
919
919
1960
3640
5449
5449
6366
3606
3606
3662
3789
7026
6924
3789
6159
5311
8956
5036
5036
5537
7333
9614
5139
5139
2396
223
223
3603
373
162
162
1971
1971
4278
4278
6198
8925
5977
6198
378
378
2262
2434
5034
5635
4860
9796
7747
5495
7092
2262
4521
4521
8188
5163
2804
8188
673
673
6878
7500
7923
1337
1337
2500
2594
6133
2462
2462
4570
8775
9342
1975
1975
1570
9784
87
87
7624
2281
122
122
146
3079
5189
1049
2332
3505
7696
4503
6912
3554
146
3161
3161
4765
6663
5934
2673
2673
3145
7476
4433
1869
1869
9810
5114
5114
8292
9314
6888
6888
6840
6576
6603
6840
911
911
84
84
760
4665
2036
5471
8268
4583
4583
4891
1974
1974
3596
3596
5174
5749
7790
8172
51
51
793
7094
4984
9657
1586
8225
3743
7960
5423
8998
9156
9369
3183
4270
9115
2032
4306
9033
1688
6124
8740
1022
7937
7152
6344
2905
3775
4999
9939
2806
793
827
4447
4417
9344
9878
6551
9195
9456
4674
2394
4355
2763
5242
7214
4077
2848
1094
3433
1378
7460
9748
9607
7272
827
7194
9315
5104
4191
5104
3792
3792
6829
8890
348
348
2821
2702
2194
2702
4478
2154
2154
3104
3104
4980
5557
4343
4980
466
466
1255
1780
4082
7613
9754
8468
5704
8468
4137
4137
4939
8193
9571
8094
8193
1046
1046
5306
7801
7801
8613
8124
4563
8613
1291
1291
9065
4666
4666
857
395
395
8800
3914
77
77
171
8498
4404
3090
952
5756
8531
6074
6463
5144
7669
3213
6836
4448
9928
6745
6583
3241
7796
5566
7318
1364
3987
413
2794
1464
2421
5964
7533
1781
8009
6698
8834
2930
2585
6656
3817
9984
8090
195
374
6028
8037
760
4130
6493
2225
5829
4389
7710
3602
6335
4884
7822
9152
7840
9330
263
7268
5358
4778
9702
8353
9216
7085
6719
9454
1578
9263
4933
3479
3185
6833
1585
7510
7302
999
1556
7433
2147
1926
4087
9779
1314
3968
973
7897
1930
2119
3359
1910
7940
5085
3966
4169
171
2166
2166
8832
2921
2921
4996
883
2119
4996
561
883
3966
4584
5949
1611
1618
1976
3609
1199
1199
2643
2355
7358
1819
2355
486
486
771
6925
829
3078
4947
6380
7607
19
19
38
38
2024
8758
5791
2877
2268
6265
9831
7724
8155
5887
4922
5666
7998
7090
8369
5115
8118
9293
338
6329
9678
71
1684
5839
7227
856
9922
4983
4599
5683
5118
9292
7263
4758
1990
3986
7700
4017
2128
3820
6504
4753
4327
4713
9740
7150
3204
6815
9905
8669
1707
7110
6037
3773
3937
4611
5077
1849
2402
562
8727
8537
8670
1868
7492
2759
6751
4094
6593
5392
6015
7075
1967
6378
2772
8244
6694
6347
4334
7540
3041
8849
484
9914
7238
8350
8911
7374
1676
38
81
99
130
192
3991
7776
1283
2047
2704
1321
4197
4805
7118
3370
9620
7167
5840
4224
3563
5650
3823
1645
3094
7364
4681
7378
2018
1922
8361
6336
4709
2113
5755
8623
208
1434
7753
5490
3230
8641
1674
3930
2319
508
2158
7786
8657
6294
3011
4951
8692
7569
9824
1271
1502
7933
2723
5327
6824
9329
1287
9003
3265
438
7177
5969
3453
6512
2580
2233
4328
6269
988
3933
7857
4283
9753
5727
9501
9260
2998
7901
3849
983
2761
5922
3886
7512
6500
5824
6499
4537
2722
1696
4858
6876
5033
7907
4031
8399
5785
6186
7393
3706
8718
1592
3857
4617
6119
8421
6256
7789
9473
4346
9174
6774
7396
6172
2609
6806
1093
285
4966
2839
1149
1859
4497
1245
719
2971
8499
2618
7269
1218
2800
1635
2667
8957
5712
6834
1342
1740
325
288
7917
9009
7337
2477
9444
4710
3978
3058
3066
5553
1596
8711
3565
2750
2899
6915
7823
5026
4335
1074
3604
7248
8288
956
5723
2519
5509
515
4771
9640
6684
8724
1710
7483
3435
1312
8596
1571
2215
6797
649
3592
8953
5957
3048
3635
3805
5201
715
8048
8398
3528
7880
3012
6492
1262
5521
1099
4893
9138
7493
453
3321
2494
852
368
2336
8653
2809
4785
5038
4427
1224
9253
8543
2559
843
7134
4609
9229
5986
3228
9086
7037
7919
4177
7773
9721
7584
8938
4351
7957
8996
1045
8056
8745
8549
9044
7701
4878
7702
1338
4200
5217
6264
5689
9756
9670
6795
6995
7008
9539
9627
2948
4095
240
1400
3669
5786
866
6838
9435
532
8192
3368
2440
3975
4903
2097
3866
4697
3702
5133
306
9398
8524
4032
7196
9828
5051
6521
531
5108
5963
5497
1851
192
604
7617
5995
3917
5728
6292
4743
1717
604
8515
7072
1783
1783
5981
5981
8110
8264
3305
3305
4803
73
73
82
82
178
255
5439
7055
8096
3308
3224
3224
3303
5248
3555
3555
5795
5795
5859
2911
255
255
1494
4632
1116
1116
5262
5003
506
506
1739
2836
52
52
64
75
92
7835
2345
1905
942
5757
6671
5997
1403
1991
5030
1453
660
568
568
4379
4379
7632
1931
6725
7632
1237
1237
18
18
80
88
199
9103
1972
9512
6465
5603
9273
892
2726
3042
5882
2939
7660
964
199
8086
8629
6540
4221
4221
9249
4349
4349
4829
9028
1885
1885
3328
8169
202
202
2013
2013
2964
5056
6377
115
115
458
458
9392
4257
2572
4257
406
406
9420
851
851
4826
4826
7885
4745
1883
1883
6636
5670
3941
3941
9178
6506
340
340
632
1822
8493
9674
408
408
602
6708
5561
1731
1340
6118
8912
9002
1996
1720
7367
9381
2812
1051
602
805
805
1607
7359
3903
4621
178
178
9062
3760
3760
2248
249
249
6356
5372
1075
5372
4216
81
81
3458
3458
3474
1372
1372
5368
1834
64
64
312
4143
2398
432
2398
2653
7045
3420
3420
925
925
2653
8707
233
233
5130
5489
1818
1818
5592
723
4847
5592
75
75
80
6822
2380
2274
493
6407
2710
1897
9307
4383
323
5674
4813
2502
2774
9466
5682
1554
4168
7599
2847
5373
9715
2603
9070
6914
1615
4836
6404
6900
9397
4213
9881
9024
1071
8116
9806
4288
6793
1106
1695
6284
430
2832
281
7910
6772
8156
3329
6629
9462
1790
4783
2487
2630
9362
9897
7750
295
4796
1948
5763
6757
2249
3969
2288
8550
7651
1605
3325
3784
1068
9317
8522
1845
4085
3444
4274
5435
9300
9523
6942
2792
3559
2395
6871
3120
2602
417
6291
2151
4620
6489
4754
6410
6199
4925
4408
5827
3189
6392
3534
7592
4831
7361
6409
2900
80
88
4687
8392
2851
2851
2951
6531
6036
8528
4072
4072
5152
131
5152
8556
92
92
137
307
8178
4944
4261
9521
6071
437
839
355
355
412
686
878
5376
6220
4413
2700
3608
1169
1169
9076
2708
1181
1181
1631
1631
1656
3038
4117
536
536
870
7076
3821
6919
8805
949
949
1017
5451
4873
3747
1017
5131
9710
1606
1606
8923
9794
3755
3755
5090
5090
9995
7111
5651
5651
6866
6916
1667
1667
489
489
5488
7797
962
962
3830
3830
7978
8803
837
837
2914
2599
2599
4148
9477
6974
8063
137
137
197
269
4365
7344
2250
4089
4028
4088
6895
721
721
2822
7130
6167
1993
1993
4818
3069
3069
3173
5166
8157
1136
1136
9052
3233
2749
3233
307
307
309
6096
2843
9391
1329
6686
1062
638
686
3218
2371
1583
2144
8779
7553
2741
4124
7879
7652
4385
3482
8748
1294
309
1226
1226
2741
7059
9498
9788
5901
1490
5901
6494
870
870
320
2393
2813
232
232
1955
880
880
8183
1293
1344
88
412
412
5321
4422
1344
1344
1895
1895
2813
5965
7482
6641
8414
4815
5014
4637
4815
5014
1147
1147
8634
15
15
8529
99
3113
35
74
119
157
245
5238
8826
4952
8553
9440
6183
7948
6301
6295
2641
8992
119
119
207
469
3686
3219
4153
3909
9252
2987
469
9593
4475
8804
3339
3339
9179
4144
4144
1797
4166
726
726
2110
6365
4566
2110
3415
3000
3000
8951
5972
684
4982
5972
370
370
572
572
6194
1117
871
871
6445
6445
7154
1053
1053
3737
2173
207
2173
3496
2243
2745
157
157
271
5145
2132
2253
6185
6467
5868
6185
1401
1401
9015
9976
514
514
4904
1738
608
608
2188
2188
3340
271
271
9825
3512
2574
3512
350
2574
130
130
245
4733
5180
2720
7063
5512
9930
8235
3910
6039
1765
9730
6302
7914
3498
7658
6590
6324
7975
7334
9289
4990
245
290
3576
579
2234
2674
3291
3291
3877
5844
2495
3877
5844
930
930
420
420
9494
3333
376
2401
3333
180
180
420
505
3460
9294
3285
8525
4398
1823
8716
4297
4026
1705
5462
3584
6634
9809
1825
4482
5167
1919
2513
9074
7536
8051
7125
3242
9910
6240
2237
6657
3881
6765
2521
505
714
932
8274
4936
2207
991
6195
7172
6490
7475
4189
3631
3827
8618
2682
1938
4839
7448
4033
7382
5350
4063
2893
1880
5282
9619
8278
8661
7326
932
1343
2456
2628
8787
7122
4170
4170
8179
6549
6818
8179
5613
5613
1194
1194
6238
2776
1471
1959
2776
994
994
1384
4555
7720
2004
2004
4587
703
703
3495
6544
3796
3495
6448
4938
4938
6154
8136
5766
5766
6626
1762
1762
4378
6300
7634
523
523
8767
5185
5185
8182
197
197
8452
5591
2546
2546
5178
5178
6652
5516
384
384
806
806
3793
3605
3793
8534
187
187
4157
3059
4157
1683
714
714
4902
7717
422
422
5893
9859
541
541
8744
2057
4728
761
761
822
5600
7491
4414
9762
3377
5686
3384
9601
4260
4281
8077
3955
4020
4362
1734
5631
9219
7158
8811
5717
3087
3902
822
1537
1537
1800
1800
2642
2642
5951
4295
1692
3374
4295
1343
1343
2642
8663
5053
8757
9793
6201
6691
1758
1758
1945
882
882
4287
1316
1316
1316
6395
3709
1711
3709
3126
1620
1711
163
163
9050
5573
2199
5573
1689
98
98
163
7913
2873
3410
2187
4416
1272
1272
1311
2387
4568
3153
5483
9193
9266
9463
4569
3309
4569
9711
2542
2542
5045
1339
1339
2391
2219
2219
2219
2224
2224
3319
4071
4071
6440
9206
6534
6534
7421
4846
318
4846
2185
290
290
1816
5344
2241
3133
5344
1370
1370
2376
4241
3977
3977
8064
6701
2135
4013
6701
2040
2040
2457
6740
4069
1459
6740
74
74
5547
7974
5532
5532
6554
78
78
93
1421
7132
2254
617
617
2365
3087
6094
8536
5854
5667
4725
4725
4970
497
497
5698
571
571
574
884
5779
1474
302
591
794
9191
3477
803
7402
5783
3630
1628
1628
8316
4717
591
591
8598
8776
93
93
524
3350
6278
2872
2486
2408
2491
968
968
8871
3387
5590
400
400
9668
3148
3148
4550
1146
1146
1804
8947
1391
1391
3451
3838
643
643
1646
5500
9817
6520
7804
8360
5522
5522
524
524
560
1369
3089
4868
3354
884
4554
4052
3081
8682
4268
1646
2508
6763
3925
5225
1311
4625
6627
8340
6879
3493
6616
1047
1669
3553
5741
6251
9196
7684
5624
3227
4730
8449
9281
594
7976
8993
6936
1925
7862
627
560
594
9864
3262
6208
2649
7675
5607
5607
8445
5942
1172
1172
3745
2887
2887
2910
2974
5297
681
681
811
4367
6182
4174
6853
1983
811
9709
8646
9428
6767
8646
5236
5236
5370
8822
9845
3899
3899
6675
1424
2784
173
173
369
7099
6672
2661
5853
665
665
695
1157
7588
9854
3332
3332
5722
3491
717
717
997
4529
1135
2117
7729
2377
3637
9303
2454
8941
1346
1782
1012
997
8532
6891
6568
629
629
1536
4180
1965
2660
189
189
369
629
1454
8470
4468
9327
9060
9774
8859
2547
927
927
1454
7683
5924
907
907
1411
1411
1454
1454
1505
9457
5
5
269
269
391
1056
3072
4496
6272
1809
1056
1056
1209
1209
4051
5505
6255
1394
1394
4236
4582
7102
8639
391
2324
9480
1622
2748
1519
1519
8967
4047
813
813
1545
2324
599
599
2695
2695
3215
3391
8411
11
1545
1944
1944
2695
9947
5673
8442
6243
3957
6243
9461
5847
8002
4473
