Filename: rev500-1.dat

Sorted Data
1
3
6
16
17
18
44
45
137
142
143
165
166
169
171
486
485
484
483
482
481
480
479
478
477
476
475
474
473
472
471
470
469
468
467
468
465
466
463
464
461
462
459
460
457
458
455
456
453
454
451
452
449
450
447
448
445
446
443
444
441
442
439
440
437
443
435
441
433
434
431
432
429
435
427
433
425
426
423
424
421
427
419
425
417
418
415
416
413
419
411
411
409
408
409
406
426
404
424
402
403
400
401
398
404
396
402
394
395
392
393
390
396
388
394
386
387
384
385
382
392
380
400
378
398
376
377
374
375
372
378
370
376
368
369
366
367
364
370
362
368
360
361
358
359
356
366
354
374
352
372
350
351
348
349
346
352
344
350
342
343
340
341
338
344
336
342
334
335
332
333
330
340
328
348
326
346
324
325
322
323
320
326
318
324
316
317
314
315
312
318
310
316
308
309
306
307
304
314
302
322
300
320
298
299
296
297
294
300
292
298
290
291
288
289
286
292
284
290
282
283
280
281
278
288
276
300
274
299
306
271
304
269
270
267
268
265
272
274
262
263
260
321
258
319
256
257
254
255
252
258
250
256
248
249
246
247
244
250
242
248
240
241
238
239
236
246
234
254
232
252
230
231
228
229
226
232
224
230
222
223
220
221
218
224
216
222
214
215
212
213
210
220
208
228
206
226
204
205
202
203
200
206
198
204
196
197
194
195
192
198
190
196
188
189
186
187
184
194
182
219
180
258
178
279
176
277
174
175
172
173
170
176
168
174
166
167
164
165
162
168
160
166
158
159
156
157
154
164
152
177
265
149
263
147
148
145
146
143
150
260
140
141
138
365
136
372
134
370
132
133
130
131
128
135
367
125
126
123
427
121
425
119
120
117
118
115
121
113
119
111
112
109
110
107
113
105
111
103
104
101
102
99
109
97
117
95
115
93
94
91
92
89
95
87
93
85
86
83
84
81
87
79
85
77
78
75
76
73
83
71
91
69
89
67
68
65
66
63
69
61
67
59
60
57
58
55
61
53
59
51
52
49
50
47
57
45
82
43
122
386
40
384
38
39
36
37
34
40
32
38
30
31
28
29
26
32
24
30
22
23
20
21
18
28
16
41
129
13
127
11
12
9
10
7
14
124
4
5
2
