Filename: ran5K.dat

Sorted Data
3
3
3
9
32
187
550
2944
6843
770
7433
8621
4304
3317
9069
5397
8007
5737
6721
3627
5737
6721
13
13
14
19
8052
8251
3856
3578
1307
9471
2691
1137
1448
126
126
141
141
1544
8787
4292
2194
1117
5858
1158
661
661
25
25
2049
2049
8591
7651
2854
2854
4290
5170
9205
4776
5170
2885
2885
3582
5573
8527
7000
7718
5512
5512
8819
5227
5227
5697
1379
1379
3818
9398
1656
1656
2830
5747
6393
380
380
4458
7890
7558
5556
5556
2711
2711
6002
8893
356
356
531
531
4231
1661
240
1661
2016
15
15
240
385
521
584
875
7793
7313
2844
5914
84
84
1945
4277
5156
607
607
1640
1945
8440
2973
9909
3462
3462
7398
6318
4935
6318
8025
295
295
370
370
370
826
1351
1383
9367
6999
2795
6177
3985
6382
2572
2367
2367
6879
7116
2522
2522
2949
3229
4890
5181
6921
7701
4273
1383
1383
2188
5721
3204
2188
2188
2579
8492
7958
9761
3572
3572
9388
6597
6597
3229
3229
4261
8115
3011
3011
9203
5174
353
353
3011
5871
4889
4889
8146
6798
233
233
7772
4867
4867
6055
7806
8944
2399
2399
3254
4943
7190
7264
913
913
913
6413
2449
5341
3002
3002
3523
6253
5116
3029
3029
4721
156
156
156
303
317
3643
8260
1692
8953
7120
5996
1947
9363
8120
1708
1708
1708
5117
6375
2519
8000
6861
6011
6861
7194
3831
6011
7194
117
117
760
763
3039
2441
9463
9806
3923
9933
1098
1098
2941
9471
1968
2941
229
229
229
1130
1830
9622
2053
3991
9753
4052
7259
3206
3206
3991
6652
8759
4171
6652
1049
1049
6534
1273
4693
9
9
9
317
608
10000
7105
2372
2313
1784
8109
4233
1130
1130
1784
5455
4650
5130
5455
1940
1940
5164
3289
963
963
963
963
8301
6865
4574
3376
5878
5307
6042
8207
3384
833
833
963
2292
1115
1115
1978
5711
487
487
487
660
8731
7088
1154
9244
785
785
950
7998
7052
4391
4550
4134
9006
2030
4134
1836
1836
5192
7216
1206
1206
1206
7436
5250
9437
3784
2905
207
207
9349
2643
6599
158
158
158
207
207
207
9886
496
9192
7876
7873
3282
3360
4710
8166
4950
7189
240
240
2423
7106
3455
5206
3209
7218
7485
8233
9174
4053
2423
4284
3639
2542
2261
2261
2261
7902
6880
9819
9639
3144
3144
9463
3915
5052
9174
1706
1706
995
995
995
1924
3292
1342
1342
6565
4082
8388
2490
7502
2126
7502
8777
1758
1758
1075
9119
321
321
321
2662
5043
3376
4425
2441
7644
1121
2441
227
227
4338
4338
6831
3819
2004
3660
43
43
9346
2965
2965
3518
4778
1306
1306
1306
3060
7672
6172
8733
9382
9245
2515
2515
4046
433
433
9514
2451
2451
9624
9802
48
48
48
48
48
54
54
3249
2010
3625
1844
8988
660
4356
7716
1598
6854
4695
185
7264
3148
202
202
202
582
3457
992
8010
1845
6640
7979
6301
641
4488
8393
3960
6601
8554
1583
9561
763
8716
1935
9115
3110
2867
8328
8021
2923
726
2797
5727
5049
2712
582
1545
1545
1772
1772
1830
4982
5372
5565
9523
8323
4783
7852
1830
1830
3950
8435
7236
3982
2522
946
2537
152
152
152
5975
3316
283
283
283
283
562
7931
6908
5579
1750
2255
6000
2232
3865
4839
8696
4985
6842
594
7045
6973
2423
7620
8862
9730
5266
9343
1334
4499
1069
3663
8907
9768
3823
6308
8884
9727
3122
562
3177
3331
7464
577
577
8650
4487
448
448
577
1482
2207
8011
7980
5329
3080
3080
5759
3106
3106
1020
1020
3550
7678
8698
3702
5329
6421
389
389
389
3509
595
7623
1080
1080
8235
3981
549
549
549
1256
5885
1541
6570
4193
4958
946
946
1031
8142
2094
547
547
547
547
547
6229
4368
3560
5448
3241
1314
3998
7840
736
2667
3842
7427
2655
6294
191
191
191
7533
523
2307
7464
4543
9536
9854
8104
8406
3320
2307
8803
8913
3038
3038
8149
1972
2307
1061
1061
9568
1440
1440
4642
8227
2842
2842
3791
3791
4555
4719
6908
270
270
270
4335
8249
9355
1883
1883
1883
7672
2126
2126
8259
6800
4612
9946
4761
6408
7666
414
414
7434
8716
999
999
999
7507
1196
1196
5713
7345
7349
1272
1349
7807
6032
1183
1183
1183
6779
6446
1552
1552
8861
4504
9874
9413
1794
1794
2878
3048
4263
7571
5766
1894
1151
1151
2784
6925
3363
3363
9248
8465
128
128
128
419
8473
9386
5638
9471
9548
9980
8555
6442
6496
176
176
176
256
2405
1707
2784
1071
9405
2412
3991
6131
7838
4595
4010
3472
3843
2931
6367
6381
6456
4309
8415
2259
9839
4051
9888
2544
256
9456
9781
1672
1672
2854
24
24
24
24
75
8784
6080
5532
5874
6660
8073
4047
1621
9394
4506
6720
7777
5502
4677
2911
4677
2682
458
458
8688
1332
1332
1621
8865
4603
4595
2678
2678
4690
9703
1314
4690
36
36
36
6847
3144
1360
9543
6057
3683
15
15
233
6569
9238
9
9
9
15
15
20
1162
7863
2011
6709
187
3083
1647
4215
2225
9325
2258
1476
2149
8436
4779
4651
5680
9329
4832
7049
3584
1177
5391
215
8350
7002
9896
3993
8036
8555
8003
3967
6974
8450
1159
9767
8013
480
190
2632
5990
4057
2083
5705
7133
3702
8167
5467
4050
9543
847
7769
1028
9738
1126
6883
9299
770
4054
1032
6986
6556
4326
2805
3395
2293
9198
7927
2354
4001
920
793
4284
9670
5867
233
1684
2979
2550
3911
7725
5508
5712
4826
2633
8381
8678
8339
7559
9279
1154
3160
609
5768
4671
4743
4737
865
2842
4518
2174
1797
8641
3396
5092
7869
5871
3000
7187
8403
7029
3037
5861
6664
4737
8267
9705
727
8940
3495
958
7205
7051
32
7634
8797
9230
2055
5003
1575
5997
6305
1122
2957
342
3570
6088
6299
1547
5377
9713
3048
2889
4336
7304
8390
419
1575
8239
1333
4998
9705
7016
5160
4790
4743
1476
9186
385
5449
7882
7771
9753
3489
7537
7509
5199
2886
4632
8542
9532
2179
21
925
3606
7739
587
2001
2444
1672
8915
5697
2122
2755
2934
9695
4603
3823
237
1413
2703
4076
6750
8736
2389
9714
4441
6417
4579
1352
7773
4115
3653
1653
3559
6983
4840
1610
3930
4751
7683
8918
7102
249
7771
6872
5607
3297
3910
7239
6710
898
2940
5519
4671
9694
9371
2054
9550
1582
2033
7412
2247
8477
4923
5488
460
7108
4440
2756
5242
9831
197
7107
2856
2362
1590
4720
1613
4391
7317
8399
8371
3995
38
5802
4396
1802
3354
1025
5260
5845
3301
7948
4477
3021
1541
8808
5547
8124
2443
6417
2116
6369
1234
3474
920
344
5413
7400
7219
7342
6619
4144
7386
7996
5128
9386
8365
2161
4178
580
8662
2981
6310
8281
574
5078
8897
174
8329
7792
1074
6273
1836
9431
9228
8690
727
3439
3261
4450
8381
2448
798
4756
608
1131
1527
9168
8703
3802
8873
8110
1528
7706
1175
2167
6336
7917
9567
1587
3001
4811
4743
4440
1372
20
20
6865
6395
1831
1343
3846
739
739
1343
3954
9578
2568
2568
4741
7226
5700
1654
5700
323
1654
197
197
323
746
3312
3312
8451
8817
51
51
51
5078
5766
5544
6729
6641
8055
2003
5078
16
16
16
16
16
16
25
5434
2763
3926
3840
6195
3465
7869
7818
8486
8708
7085
9737
8247
384
5783
6362
6210
7483
7119
5712
5223
9926
3980
3770
54
2767
228
164
4360
1704
4574
1246
4516
5839
4280
4008
4982
8616
865
9285
4909
2885
5022
7661
649
1023
2914
6539
3890
6051
1043
1790
59
4683
1888
2437
6732
8249
7483
1802
6691
2426
3141
3551
5349
1711
8494
6086
7209
9587
8051
3709
1064
295
8451
8004
8606
3182
4606
7869
6142
5535
1914
1637
4105
4844
6740
9731
4051
6451
2338
1272
7807
7495
2419
3106
8497
3104
9535
4650
8089
5781
479
7036
1190
3895
5883
9953
9751
249
6206
4655
8373
6626
1289
6549
4918
5280
5679
5812
6089
3298
6899
9482
2686
765
8852
3435
4210
8676
7557
7718
7520
7536
1389
3648
9209
2580
3020
6134
6405
6546
5253
9641
5679
5952
7918
1259
4740
1799
8041
9285
6615
653
460
773
992
7030
1069
6498
2429
3023
9901
6740
91
6130
6208
6366
8730
1180
2751
2607
5578
7335
1470
4006
2842
6080
7734
3941
504
1147
5346
7186
9083
6317
9503
2928
7081
2018
9889
2693
2780
6682
1096
6608
5077
3778
2551
6445
3054
466
5150
8872
8967
8815
6769
7365
4334
5513
3862
6202
3827
1007
1303
4993
6634
4026
7698
7164
9991
2398
8317
855
4577
6124
2857
5649
6440
3630
220
3582
5166
7143
7480
7867
2955
8122
5249
7773
4311
8691
6609
3089
1017
10000
1807
6618
2099
3457
5902
8137
3451
5775
1545
8257
6820
3759
4090
5627
2829
9777
1205
5908
7739
3855
4193
5966
8615
3329
3197
1722
6618
5994
3475
3085
3066
7682
4942
4412
7995
221
2159
3939
5877
691
6956
610
8199
7934
885
1747
7583
7245
9683
9993
3133
9185
6927
2980
1707
3449
9086
4142
4789
3737
9144
8112
5655
4551
979
9165
6525
5870
1700
6103
370
6626
4115
2062
7091
2933
6522
2647
8726
1998
2019
844
3398
7650
4507
2161
2676
8429
3579
8398
2043
4173
5489
3529
9155
2040
2377
102
9583
7891
6947
9597
4724
3997
4778
5199
1559
8979
1465
405
8970
939
6765
1908
269
9708
2946
193
6657
9155
9524
6295
1288
5494
1570
8133
8619
2518
3781
4887
8748
9709
7505
2824
1413
4160
2889
1042
9356
2232
3370
537
5716
1906
4661
5065
5169
1752
5446
7203
3472
7453
1958
8075
5120
1828
3634
4157
3793
9294
2026
9621
5287
688
168
7631
7606
9407
4578
9053
7919
4788
7078
1996
1051
3677
8634
635
9210
6115
2394
6752
7631
6081
8106
2416
5821
3240
5116
7272
9108
6614
6131
8842
154
6127
8920
9297
5154
2968
8162
7129
4375
4683
4616
7170
1749
5967
3799
7377
3189
1065
1366
5838
8329
8741
7378
6436
5361
5735
6640
6588
3681
9660
7306
5527
3992
7265
4928
6540
598
9010
4147
1606
5539
5888
5202
1889
9274
9426
7458
2484
7593
808
7125
4901
9451
67
1374
5689
5399
1253
6015
4651
1319
4553
8947
1089
7130
1275
6551
1515
5166
2639
5226
7258
7912
8313
5240
5416
9775
5643
9101
1589
2595
5490
1623
7814
9569
5634
3881
4166
7279
7673
8238
7444
516
8353
6636
5380
9586
1273
9333
9817
4774
9897
6279
7293
7682
7806
8320
456
4089
7147
404
8762
8055
1191
3996
1888
1942
1952
872
4297
2034
8809
5495
4389
4454
9053
8145
6687
1063
6307
6004
476
25
25
25
25
25
6150
5222
3147
7741
7402
5234
6510
3523
9930
571
7874
4518
6471
510
6948
384
510
564
564
808
5587
3433
1737
954
1365
6486
5961
6209
4155
8767
5547
2609
1069
3912
3068
945
808
808
1424
8233
9665
4862
9959
9930
7577
3143
1424
2737
186
186
186
2710
7826
4646
5694
5694
7374
7885
2177
4862
7885
900
900
900
6222
9543
3233
8599
2706
1867
2373
1109
1109
1109
5766
5499
4593
1309
1309
1309
7747
7132
5915
6829
6577
6117
2158
6577
1195
1195
1985
5976
8878
4404
801
801
1205
4458
96
96
96
124
4841
762
3631
6577
6359
3236
7780
9730
5254
9521
4662
124
124
186
186
189
3168
345
5629
7798
7612
3577
7730
5096
6228
2239
1554
8184
3547
295
295
3669
8713
5492
3464
6966
6236
6966
8338
5319
5492
3204
3204
6888
1773
4438
1539
1539
9200
1563
1563
6464
5831
149
149
149
149
149
8741
7438
6912
7576
6806
661
2259
3281
5494
998
998
6688
8403
7176
8969
9397
6514
2734
2734
2734
4053
8224
9168
3469
7223
6350
2778
3469
6350
2255
2255
7460
176
176
176
5781
4814
305
305
305
7363
8123
9030
9857
1047
6585
7443
6943
6269
158
158
158
5687
7811
423
423
9672
499
639
9804
3070
1295
1295
1715
9205
5334
3886
3250
2073
1779
1779
8426
2654
4980
8426
106
106
106
284
4376
5018
8847
4371
5204
1936
1936
2136
2136
3310
9145
8672
4405
9587
2670
1197
1197
5113
3345
1337
1337
3005
6446
4454
189
189
886
8894
2882
1061
1061
7270
9916
16
16
16
16
16
16
8386
6914
625
9706
4117
1013
1720
3135
7901
396
1061
5625
6389
2761
9138
7859
2395
3832
7515
379
379
1470
9264
5814
3793
1470
4453
4695
2729
2729
4953
7023
1982
2999
42
42
42
42
5824
1634
1179
639
4395
4827
9557
4917
3686
1758
48
48
48
48
48
48
130
130
5567
6635
7458
7162
284
2598
7399
9063
645
5459
5924
2189
7031
4852
9192
9297
5492
8172
6024
792
792
6560
6966
6071
2731
2138
2138
4050
5179
1146
1146
1146
6269
2692
4096
1508
1508
2138
5818
8801
3913
8407
8571
4888
1625
4888
54
54
54
54
54
54
54
99
334
910
4202
8710
1415
700
3815
2244
1357
9344
8017
6612
5371
3356
5506
5649
394
2443
9762
8099
4221
1055
8788
7395
7577
7571
7252
3301
8434
8316
4468
95
95
95
6656
980
980
1179
1347
3415
6879
1403
1365
1464
8224
5516
4827
4967
2246
8388
4605
9865
5049
4047
5676
9961
1865
1382
1382
4213
3097
3097
4000
9599
1039
4000
726
726
1039
2445
3365
8230
3320
60
60
60
60
60
60
76
3434
7217
3293
8721
9169
4409
2883
9715
3963
752
7613
9047
5881
676
5786
3815
5772
2557
5480
2994
7325
8629
5466
4949
2193
6287
7265
564
6114
7950
1808
6656
6953
1702
9115
9373
630
9872
4439
2260
5849
7751
9319
8678
3572
9641
966
3268
2184
4405
8427
2148
4268
7726
8970
6518
5947
3246
3113
9387
4721
9782
1750
76
263
263
3797
6212
9420
5356
7813
7887
440
440
6010
3671
8892
5354
4118
3171
9679
167
167
167
7011
8249
3064
572
572
572
939
940
2044
5040
3241
7060
7651
9662
7504
3319
1464
2968
3910
1574
1593
3842
1209
1464
501
501
1499
3422
8595
3084
1114
1114
4447
5898
374
374
1114
2945
2126
2126
4712
2474
1015
1015
1015
9616
8834
4459
8626
2001
2001
2985
2985
8007
6876
434
434
2995
9834
8610
208
208
8057
2087
1409
2087
6962
109
109
109
132
4085
5291
8018
3244
5379
7057
8185
4828
3088
8705
8940
5084
6475
3690
9946
3410
1771
6910
463
8742
8009
6735
4274
7596
1596
8665
1317
2326
4298
1548
8201
8027
4335
2284
4793
1537
5265
9976
9078
961
2348
5439
7452
9161
1084
7031
2665
9645
7600
8717
6584
8307
5582
1325
9965
9427
9439
2922
6425
9404
8384
9245
2808
6626
1118
132
132
940
1118
2886
8190
1148
5068
8504
8394
3959
539
539
1357
1728
6923
826
826
294
294
826
7644
1682
1682
1682
3338
4570
3438
6202
3055
1499
3055
9214
470
470
470
1479
3605
7738
3766
3513
9812
7571
3257
6323
3402
6323
8429
1585
1585
9907
4536
1994
3097
4536
510
510
510
7636
5220
1431
7415
7578
9349
5846
7578
450
450
450
5593
1521
645
2015
6936
1529
2015
297
297
297
493
493
2859
5784
7280
9064
7861
2179
2179
3825
6316
1852
1852
2179
4879
8227
7549
2280
2280
7837
4808
1835
4808
1723
1835
1499
1723
800
800
1723
8011
3625
1182
3625
1850
4
4
4
4
4
4
511
7221
3905
5443
7434
3310
5252
5788
6708
9574
894
1183
9669
1314
6007
6207
5389
5170
3791
5452
8988
6272
6214
8245
8291
7724
8083
2863
1183
1183
2897
6305
9572
9608
3919
8839
918
918
918
6661
3259
1818
1856
1856
4660
6525
474
474
474
511
2344
9125
7352
9284
8704
9122
5868
5322
8971
5189
2848
8620
4568
9359
9171
3865
5457
8876
8094
2037
7832
2449
1997
8402
6395
6791
1053
1270
9663
3139
9780
8703
1741
8450
2389
5362
8994
939
2894
6673
5061
4676
891
2509
2644
2898
8966
7568
5518
4749
2660
640
9183
5123
8928
9950
3618
2300
4033
6756
6550
3060
6817
4404
699
9968
8267
5014
3420
511
511
994
2178
2786
3060
3565
4321
7408
3165
3420
4538
343
5480
139
139
343
2786
4270
6072
7673
9720
6379
2548
6379
1338
1338
1375
4906
91
91
91
931
7114
4689
9590
5669
9654
1276
1276
1276
1911
3064
6393
4230
3443
4320
9778
7450
1064
1064
1064
1400
1400
5723
7510
7461
6454
5457
9362
9182
3903
3903
2206
8610
65
65
65
95
4489
7321
9440
9725
1285
8922
8394
9669
1746
9157
5443
9480
7964
8408
4047
6666
8383
2559
9722
1663
1217
9086
3690
3396
6683
3272
1425
9203
3978
1750
9541
3791
3935
5563
9460
6940
3308
9915
1291
4608
1608
2813
6363
3151
6445
9782
1848
1335
8288
6846
5911
9825
613
8947
6828
2841
6349
6018
4496
1680
6574
3862
7799
4767
2392
2055
6235
3944
5934
6045
9271
1679
1417
5636
1841
8873
2197
7045
9441
7968
4757
728
1242
1028
5569
2147
4681
7494
1756
7677
9943
1294
1514
2837
7786
1990
5200
5037
9146
9662
3059
8014
9958
8205
495
163
9621
6740
6848
3944
6559
3805
8599
8541
9315
4038
2946
2980
6593
2021
2696
1878
4725
2984
8394
1018
5954
5049
8636
4936
6014
2703
4514
3707
4415
6196
9105
1118
5880
6534
7965
1413
6375
778
1557
6805
2167
7310
5546
2928
5345
5774
9900
4440
4240
1376
2748
7932
2194
8217
9915
4366
3096
1367
6068
8202
7141
2347
8444
5412
5235
7727
9051
7576
5496
5507
6318
4227
276
8987
2105
661
7154
2795
5034
3367
2324
784
6051
296
9834
458
7187
8131
5087
3638
9427
3762
6073
8044
649
2146
742
9475
9547
7742
3970
9297
6499
1706
2556
6897
7300
2035
1677
1811
703
8853
1250
5209
5710
2014
5638
5421
9542
3219
5118
7192
2236
9837
2585
9358
8794
2605
3890
624
4831
4409
5280
8142
6660
2323
6357
8558
1743
95
95
95
451
3279
1729
8340
5073
4177
9809
1443
7008
8808
4760
6357
8076
3065
3065
7047
6889
263
263
263
314
365
6348
2723
2297
1350
7468
1175
1985
5073
4674
4178
8757
1210
1210
2908
3424
3424
5988
1550
548
548
548
7273
6466
7273
1036
6561
9885
783
783
783
965
3175
7532
8409
9842
6245
114
114
114
114
114
114
1038
9405
2373
3916
5987
140
224
355
2065
9135
1344
7586
2862
3472
2912
8031
3666
2013
671
4242
2259
6205
2629
5256
6665
6655
6960
6531
5752
6531
331
331
331
1263
6146
2175
3920
2061
6115
9554
4397
3165
3612
3612
8660
9865
2241
2241
5056
3990
3990
5197
5197
7602
7602
8007
1076
1076
9106
2116
2065
2116
3570
424
424
4540
8688
771
2065
667
667
6939
1323
1323
6146
870
870
1839
7586
819
819
870
1189
1818
6945
5800
6935
6093
2319
2319
3539
4351
9753
365
365
924
9973
5928
2898
1831
224
224
224
946
7555
8596
2702
5752
3720
1970
946
5842
2649
1268
5842
895
895
6422
924
2649
578
243
243
243
5053
4974
2274
8317
1081
6475
110
110
110
602
5021
7347
8746
2412
5476
6879
5459
21
21
21
21
246
7097
9267
4552
2277
8386
9436
6974
2920
4921
1022
141
1022
8613
3
3
3
3
97
97
246
2187
7984
1485
2220
5098
9424
1549
2943
6896
7569
6003
6661
7587
6551
4266
3364
306
6992
3563
2154
8030
5806
3129
2477
9254
3175
9717
8005
1071
6371
357
334
3091
5129
3299
4698
641
8248
3073
4873
673
6104
610
9484
8831
8781
4360
6868
1104
4483
3343
716
8508
7932
8069
3647
8229
3434
267
935
9678
2300
7367
1549
8874
9308
2653
8709
9610
7898
7050
7138
4838
8786
3457
9211
6698
1676
9590
7161
8640
4778
246
3564
8079
1792
1792
7260
3006
1072
3006
6922
1004
1004
1004
9435
4112
5733
8948
5305
7950
2612
2612
8251
8578
3249
3249
1191
5490
645
645
645
645
5433
9143
7844
6909
1466
1466
5423
4490
1067
1067
1466
2405
9636
9260
4145
8574
9260
2524
2524
45
45
45
45
160
1816
8352
2962
7951
781
4155
1541
2548
8692
5842
2890
3598
721
4156
7430
7026
3083
4667
6018
4345
1232
7401
3021
8455
9608
4657
1403
8713
2611
2946
7011
8719
1496
9984
4246
5258
6870
2685
312
1825
1485
7088
223
5185
3012
6151
9763
8393
1475
6358
8577
8717
1054
9071
591
3903
921
7562
3946
5212
4805
5673
7621
682
3985
9026
6956
7029
3379
4739
5237
3650
5432
565
3552
7146
1480
9411
6092
9810
5282
160
160
160
192
682
1259
1492
2204
4391
5159
9237
5880
5010
3007
3342
5668
2614
5190
1318
4468
4757
6626
3070
3088
4893
8772
3393
8955
3611
3611
5933
8234
3677
3677
7043
2318
2318
5869
2988
2108
2108
2108
8921
8510
3601
7620
3076
3076
3601
5236
4617
3981
3118
1977
1977
6700
9630
3966
3966
7955
4363
1351
1351
8744
5452
923
923
1351
1451
8571
3593
3593
7114
3741
832
1451
27
27
27
27
27
27
1854
5451
6138
5975
2065
694
5272
9407
6592
684
3219
3558
8107
9916
4965
1196
1196
1196
9555
9958
1948
5815
4000
1651
1651
7566
7566
8263
6446
33
33
41
6397
2099
6071
492
492
492
3253
7551
3558
9033
7665
6312
656
656
2633
2633
4142
4142
4707
496
130
130
355
6793
9805
7775
402
496
19
19
19
19
19
6831
1106
4589
7933
7250
5942
3046
4841
4584
1128
9223
909
97
97
97
97
97
97
99
3655
4990
3330
7475
2194
7108
1200
8907
538
3561
4131
5829
3053
2244
5373
4513
1334
4610
6647
2724
6542
8602
2969
9082
710
8749
8792
5064
5445
3118
1382
6829
1474
1808
2390
9054
7465
6675
3535
7973
1565
6976
7353
5793
4088
620
8938
3700
4794
5704
9615
5608
3198
2042
8491
9874
5338
7351
2806
1137
5449
7797
3038
9493
5979
7584
3686
9169
4376
7274
5676
3906
99
5524
1325
1227
270
270
7804
2771
3038
7804
28
28
28
99
99
99
3512
2442
6020
1955
7322
3275
224
5049
2996
3779
7872
5121
122
210
1830
1471
6578
3091
682
3727
7154
3828
3911
9537
1770
257
4007
8011
1722
9445
1459
6116
7388
5251
3539
210
5838
6057
2848
5838
1791
1791
6535
6402
334
334
2140
2140
4875
8247
999
999
8730
1664
1664
1664
3815
6016
8611
6510
4854
3755
4854
5468
2559
3755
5468
784
784
2330
2330
7637
5066
5066
2203
2203
9083
8562
2688
2688
2302
2302
2688
7266
7429
8468
5303
3332
5303
108
108
108
5472
8180
1185
3555
8056
2373
3555
743
743
743
3739
9040
8962
9821
8339
3841
3841
5024
5024
5494
9611
9053
1492
1492
1492
4962
4156
1917
2127
402
2127
6957
301
301
2419
295
295
301
301
9344
5535
8544
1513
2074
2074
3057
9348
9918
657
657
8513
4866
986
986
7504
2953
5284
1552
1552
1314
7391
9456
810
810
1010
1314
3822
2796
3338
3822
1579
1579
7102
9300
3740
3740
364
363
363
364
3810
7882
5640
3596
4053
266
266
701
1686
8334
6634
5267
8981
4511
7241
2665
1686
4509
2256
2256
8372
6172
11
11
11
5179
16
16
24
41
8271
7983
6153
1811
6706
3474
9874
6010
7675
2330
7346
5091
9452
4714
9594
7500
3649
8443
3881
192
521
9445
4230
3577
3066
2358
6842
806
5877
8442
3869
6120
9678
3013
3945
1910
7480
9575
2948
9212
3295
2830
3407
1292
9348
7776
5998
5040
2718
7051
1568
9828
7356
3745
7130
8546
2410
1827
4250
497
2794
1415
3282
821
2938
1049
1879
6164
9669
4162
1213
1255
5141
1941
8354
6097
5763
9762
8238
8439
8067
9387
3659
1243
7436
4107
6728
9807
650
9026
233
8251
8177
3665
2345
41
41
41
379
740
917
6687
6042
8213
6286
949
3677
8349
4077
3172
9799
3689
4256
8534
7505
1956
1373
3578
6117
776
1328
6337
5504
7759
5374
6281
1259
2117
2314
6286
9145
7516
4806
3786
2249
844
740
949
9307
6581
5604
7690
7602
1473
1473
6778
8896
9172
5718
8896
1827
1827
8922
8326
8922
2396
2396
7543
3666
75
3666
4028
52
52
52
75
8081
4595
3454
4741
3609
9015
7597
188
188
188
188
191
191
9782
2958
7958
3829
8936
8852
1749
8934
5228
8285
2918
6641
1626
363
5860
4257
3507
4518
4202
5228
9600
313
3036
3388
3556
3249
4726
6807
801
7498
486
9652
366
1519
4894
5526
6396
7472
5549
702
9004
379
5058
701
9172
7981
7522
8642
7385
7192
6732
8812
681
8142
8249
3886
7802
1687
2553
9239
7145
1373
1461
2781
7192
5764
4990
3762
4101
2073
857
8974
6164
7052
3805
9799
9798
6050
6940
8526
6771
6208
2265
7395
7347
4700
2605
8781
9034
7977
2103
9973
5622
2941
7477
984
6213
5993
7229
8819
8903
888
990
6647
8835
1335
6188
1323
5280
9286
4230
7667
7463
4834
3377
2979
3796
8688
516
191
191
191
8999
3119
350
2383
4741
2237
3072
8444
7779
4413
2344
2979
1453
1453
8830
2203
2203
6102
2080
2080
1693
1693
4946
2278
8260
998
998
2278
8581
8670
24
24
24
6223
135
135
1651
2952
3098
5291
9999
7702
651
651
790
790
7651
4565
5915
8401
1349
4802
3820
936
936
3683
8577
329
329
936
5585
3208
2787
3208
3255
269
269
269
269
7982
1309
4649
4431
9277
4740
8968
6331
1617
1617
9268
3254
3254
8923
1198
1198
4766
669
130
130
130
130
6273
2505
1237
8541
791
7798
9678
3540
3855
8928
615
791
566
615
2409
213
213
213
213
213
3095
4220
9808
5328
993
961
7258
8317
8640
6687
5609
5409
5713
2500
2500
3008
143
143
143
650
5379
7025
2576
790
790
8052
6851
7363
1820
3032
8089
7398
8770
1778
1778
5776
3589
3589
4355
1576
1576
2168
6494
7782
139
139
920
1595
1595
3577
9457
36
36
36
36
36
7971
4266
1223
1165
1239
4544
5528
288
4953
6082
8415
166
166
166
166
166
166
7064
8564
3555
3873
5302
7115
9397
4283
5121
5858
1263
2795
7864
3577
5401
7245
6746
631
631
631
5104
8903
4823
6240
4474
2604
2604
3088
4675
8334
303
303
631
784
821
2178
5370
2144
1198
1198
4618
9683
8822
1240
1461
1461
8853
8656
1974
8257
8656
22
22
22
22
872
1482
2091
3814
6261
1567
9293
2682
1489
4062
3940
8027
1251
1251
4371
1466
1466
1466
1466
4331
2775
4725
3544
4030
5941
3619
9112
2586
1785
1785
1850
7025
2203
8824
5205
6307
2828
5802
3012
4489
3406
7226
9684
4807
8230
2397
1850
4361
2566
2566
9476
4096
4096
3553
3353
3553
8776
2539
2539
6533
1622
1622
821
821
1703
5401
3709
9218
3267
3267
7624
8398
4186
7624
1484
4186
1186
1484
1073
1073
1149
7995
8975
9112
536
1073
35
35
35
562
1073
1186
1186
9518
6300
7266
2188
7307
2808
5884
2606
6443
9698
6769
2412
2412
2412
2813
9134
3545
6970
3097
4614
2407
2407
5059
6815
2419
2419
6640
9481
1566
1566
3097
628
628
628
8177
5767
7819
1140
1140
6808
3392
3392
1651
2601
345
1140
245
245
245
245
333
5545
2261
6784
2307
6291
5187
5609
3886
6390
9326
9164
6608
9695
2698
6749
3806
6721
7404
784
7268
2776
8766
4700
4780
5212
8681
8536
8580
730
5356
686
4417
8688
6617
9250
5910
1335
8977
1391
3879
6925
9662
4180
5347
6631
3762
5327
1903
1209
3716
7255
2098
8349
3305
2956
7579
6637
3342
7060
7639
7089
1250
553
1870
8171
1721
2588
5614
5255
623
7825
7886
448
9369
2727
6479
3729
1918
9276
9908
1330
1596
9504
907
2303
9938
9328
1159
9208
4717
5076
1932
3858
9374
1184
333
4062
1009
1009
1184
2297
2297
9449
6863
2260
6863
87
87
87
87
6493
4946
5116
3074
9924
471
471
3778
2573
6319
1194
381
381
381
616
656
9697
1776
2363
5105
8009
5732
7644
5753
9240
1451
3598
14
14
14
69
4970
3315
3833
6542
7364
4340
2252
5152
2127
9888
3543
6803
5099
1019
7694
4359
2140
1646
7857
5015
1816
1746
9072
7416
3842
8611
1980
1638
478
9553
6202
2983
3064
4514
3069
5516
872
2019
2399
6287
4476
6904
3005
6178
820
3259
1619
8301
2170
1022
9921
9897
6142
9667
4361
8672
8995
7414
8467
9493
9366
9409
2312
2404
4647
3300
8843
7885
7188
5662
1750
287
2502
7691
4567
5400
6683
3613
5690
3072
5199
255
9000
825
267
1193
4780
9407
8984
3937
616
6212
9410
3574
6955
7513
6789
1321
7033
5434
7091
1411
5831
615
69
69
7777
6488
9013
2832
7854
6121
9391
211
211
211
211
9184
8200
8554
3768
4905
7820
6784
529
529
529
1673
8743
8664
3200
5886
8547
8842
4852
1673
3229
9044
1870
3229
1324
1870
744
744
5094
196
196
224
2594
9934
7174
5983
5491
5484
9158
2134
9832
8147
7692
7398
1953
3851
2599
2899
6711
971
3716
8802
224
9938
5770
2028
4316
5770
1683
1683
4844
7949
3971
7949
1103
1103
8947
2504
2504
9272
3398
7400
1611
3716
5836
822
49
9938
