Filename: rev5K.dat

Sorted Data
1
21
31
61
81
4996
4995
4994
4993
4992
4991
4990
4989
4988
4987
4986
4985
4984
4983
4982
4981
4980
4979
4978
4977
4976
4975
4974
4973
4972
4971
4970
4969
4968
4967
4966
4965
4964
4963
4962
4961
4960
4959
4958
4957
4956
4955
4954
4953
4952
4959
4950
4957
4948
4955
4946
4953
4944
4951
4942
4949
4940
4947
4938
4945
4936
4943
4934
4941
4932
4939
4930
4937
4928
4935
4926
4933
4924
4931
4922
4929
4920
4927
4918
4925
4916
4923
4914
4921
4912
4929
4910
4927
4908
4925
4906
4923
4904
4921
4902
4909
4900
4907
4898
4905
4896
4903
4894
4901
4892
4909
4890
4907
4888
4905
4886
4903
4884
4901
4882
4889
4880
4887
4878
4885
4876
4883
4874
4881
4872
4889
4870
4887
4868
4885
4866
4883
4864
4881
4862
4869
4860
4867
4858
4865
4856
4863
4854
4861
4852
4869
4850
4867
4848
4865
4846
4863
4844
4861
4842
4849
4840
4847
4838
4845
4836
4843
4834
4841
4832
4849
4830
4847
4828
4845
4826
4843
4824
4841
4822
4829
4820
4827
4818
4825
4816
4823
4814
4821
4812
4829
4810
4827
4808
4825
4806
4823
4804
4821
4802
4809
4800
4807
4798
4805
4796
4803
4794
4801
4792
4809
4790
4807
4788
4805
4786
4803
4784
4801
4782
4789
4780
4787
4778
4785
4776
4783
4774
4781
4772
4789
4770
4787
4768
4785
4766
4783
4764
4781
4762
4769
4760
4767
4758
4765
4756
4763
4754
4761
4752
4769
4750
4767
4748
4765
4746
4763
4744
4761
4742
4749
4740
4747
4738
4745
4736
4743
4734
4741
4732
4749
4730
4747
4728
4745
4726
4743
4724
4741
4722
4729
4720
4727
4718
4725
4716
4723
4714
4721
4712
4729
4710
4727
4708
4725
4706
4723
4704
4721
4702
4709
4700
4707
4698
4705
4696
4703
4694
4701
4692
4709
4690
4707
4688
4705
4686
4703
4684
4701
4682
4689
4680
4687
4678
4685
4676
4683
4674
4681
4672
4689
4670
4687
4668
4685
4666
4683
4664
4681
4662
4669
4660
4667
4658
4665
4656
4663
4654
4661
4652
4669
4650
4667
4648
4665
4646
4663
4644
4661
4642
4649
4640
4647
4638
4645
4636
4643
4634
4641
4632
4649
4630
4647
4628
4645
4626
4643
4624
4641
4622
4629
4620
4627
4618
4625
4616
4623
4614
4621
4612
4629
4610
4627
4608
4625
4606
4623
4604
4621
4602
4609
4600
4607
4598
4605
4596
4603
4594
4601
4592
4609
4590
4607
4588
4605
4586
4603
4584
4601
4582
4589
4580
4587
4578
4585
4576
4583
4574
4581
4572
4589
4570
4587
4568
4585
4566
4583
4564
4581
4562
4569
4560
4567
4558
4565
4556
4563
4554
4561
4552
4569
4550
4567
4548
4565
4546
4563
4544
4561
4542
4549
4540
4547
4538
4545
4536
4543
4534
4541
4532
4549
4530
4547
4528
4545
4526
4543
4524
4541
4522
4529
4520
4527
4518
4525
4516
4523
4514
4521
4512
4529
4510
4527
4508
4525
4506
4523
4504
4521
4502
4509
4500
4507
4498
4505
4496
4503
4494
4501
4492
4509
4490
4507
4488
4505
4486
4503
4484
4501
4482
4489
4480
4487
4478
4485
4476
4483
4474
4481
4472
4489
4470
4487
4468
4485
4466
4483
4464
4481
4462
4469
4460
4467
4458
4465
4456
4463
4454
4461
4452
4469
4450
4467
4448
4465
4446
4463
4444
4461
4442
4449
4440
4447
4438
4445
4436
4443
4434
4441
4432
4449
4430
4447
4428
4445
4426
4443
4424
4441
4422
4429
4420
4427
4418
4425
4416
4423
4414
4421
4412
4429
4410
4427
4408
4425
4406
4423
4404
4421
4402
4409
4400
4407
4398
4405
4396
4403
4394
4401
4392
4409
4390
4407
4388
4405
4386
4403
4384
4401
4382
4389
4380
4387
4378
4385
4376
4383
4374
4381
4372
4389
4370
4387
4368
4385
4366
4383
4364
4381
4362
4369
4360
4367
4358
4365
4356
4363
4354
4361
4352
4369
4350
4367
4348
4365
4346
4363
4344
4361
4342
4349
4340
4347
4338
4345
4336
4343
4334
4341
4332
4349
4330
4347
4328
4345
4326
4343
4324
4341
4322
4329
4320
4327
4318
4325
4316
4323
4314
4321
4312
4329
4310
4327
4308
4325
4306
4323
4304
4321
4302
4309
4300
4307
4298
4305
4296
4303
4294
4301
4292
4309
4290
4307
4288
4305
4286
4303
4284
4301
4282
4289
4280
4287
4278
4285
4276
4283
4274
4281
4272
4289
4270
4287
4268
4285
4266
4283
4264
4281
4262
4269
4260
4267
4258
4265
4256
4263
4254
4261
4252
4269
4250
4267
4248
4265
4246
4263
4244
4261
4242
4249
4240
4247
4238
4245
4236
4243
4234
4241
4232
4249
4230
4247
4228
4245
4226
4243
4224
4241
4222
4229
4220
4227
4218
4225
4216
4223
4214
4221
4212
4229
4210
4227
4208
4225
4206
4223
4204
4221
4202
4209
4200
4207
4198
4205
4196
4203
4194
4201
4192
4209
4190
4207
4188
4205
4186
4203
4184
4201
4182
4189
4180
4187
4178
4185
4176
4183
4174
4181
4172
4189
4170
4187
4168
4185
4166
4183
4164
4181
4162
4169
4160
4167
4158
4165
4156
4163
4154
4161
4152
4169
4150
4167
4148
4165
4146
4163
4144
4161
4142
4149
4140
4147
4138
4145
4136
4143
4134
4141
4132
4149
4130
4147
4128
4145
4126
4143
4124
4141
4122
4129
4120
4127
4118
4125
4116
4123
4114
4121
4112
4129
4110
4127
4108
4125
4106
4123
4104
4121
4102
4109
4100
4107
4098
4105
4096
4103
4094
4101
4092
4109
4090
4107
4088
4105
4086
4103
4084
4101
4082
4089
4080
4087
4078
4085
4076
4083
4074
4081
4072
4089
4070
4087
4068
4085
4066
4083
4064
4081
4062
4069
4060
4067
4058
4065
4056
4063
4054
4061
4052
4069
4050
4067
4048
4065
4046
4063
4044
4061
4042
4049
4040
4047
4038
4045
4036
4043
4034
4041
4032
4049
4030
4047
4028
4045
4026
4043
4024
4041
4022
4029
4020
4027
4018
4025
4016
4023
4014
4021
4012
4029
4010
4027
4008
4025
4006
4023
4004
4021
4002
4009
4000
4007
3998
4005
3996
4003
3994
4001
3992
4009
3990
4007
3988
4005
3986
4003
3984
4001
3982
3989
3980
3987
3978
3985
3976
3983
3974
3981
3972
3989
3970
3987
3968
3985
3966
3983
3964
3981
3962
3969
3960
3967
3958
3965
3956
3963
3954
3961
3952
3969
3950
3967
3948
3965
3946
3963
3944
3961
3942
3949
3940
3947
3938
3945
3936
3943
3934
3941
3932
3949
3930
3947
3928
3945
3926
3943
3924
3941
3922
3929
3920
3927
3918
3925
3916
3923
3914
3921
3912
3929
3910
3927
3908
3925
3906
3923
3904
3921
3902
3909
3900
3907
3898
3905
3896
3903
3894
3901
3892
3909
3890
3907
3888
3905
3886
3903
3884
3901
3882
3889
3880
3887
3878
3885
3876
3883
3874
3881
3872
3889
3870
3887
3868
3885
3866
3883
3864
3881
3862
3869
3860
3867
3858
3865
3856
3863
3854
3861
3852
3869
3850
3867
3848
3865
3846
3863
3844
3861
3842
3849
3840
3847
3838
3845
3836
3843
3834
3841
3832
3849
3830
3847
3828
3845
3826
3843
3824
3841
3822
3829
3820
3827
3818
3825
3816
3823
3814
3821
3812
3829
3810
3827
3808
3825
3806
3823
3804
3821
3802
3809
3800
3807
3798
3805
3796
3803
3794
3801
3792
3809
3790
3807
3788
3805
3786
3803
3784
3801
3782
3789
3780
3787
3778
3785
3776
3783
3774
3781
3772
3789
3770
3787
3768
3785
3766
3783
3764
3781
3762
3769
3760
3767
3758
3765
3756
3763
3754
3761
3752
3769
3750
3767
3748
3765
3746
3763
3744
3761
3742
3749
3740
3747
3738
3745
3736
3743
3734
3741
3732
3749
3730
3747
3728
3745
3726
3743
3724
3741
3722
3729
3720
3727
3718
3725
3716
3723
3714
3721
3712
3729
3710
3727
3708
3725
3706
3723
3704
3721
3702
3709
3700
3707
3698
3705
3696
3703
3694
3701
3692
3709
3690
3707
3688
3705
3686
3703
3684
3701
3682
3689
3680
3687
3678
3685
3676
3683
3674
3681
3672
3689
3670
3687
3668
3685
3666
3683
3664
3681
3662
3669
3660
3667
3658
3665
3656
3663
3654
3661
3652
3669
3650
3667
3648
3665
3646
3663
3644
3661
3642
3649
3640
3647
3638
3645
3636
3643
3634
3641
3632
3649
3630
3647
3628
3645
3626
3643
3624
3641
3622
3629
3620
3627
3618
3625
3616
3623
3614
3621
3612
3629
3610
3627
3608
3625
3606
3623
3604
3621
3602
3609
3600
3607
3598
3605
3596
3603
3594
3601
3592
3609
3590
3607
3588
3605
3586
3603
3584
3601
3582
3589
3580
3587
3578
3585
3576
3583
3574
3581
3572
3589
3570
3587
3568
3585
3566
3583
3564
3581
3562
3569
3560
3567
3558
3565
3556
3563
3554
3561
3552
3569
3550
3567
3548
3565
3546
3563
3544
3561
3542
3549
3540
3547
3538
3545
3536
3543
3534
3541
3532
3549
3530
3547
3528
3545
3526
3543
3524
3541
3522
3529
3520
3527
3518
3525
3516
3523
3514
3521
3512
3529
3510
3527
3508
3525
3506
3523
3504
3521
3502
3509
3500
3507
3498
3505
3496
3503
3494
3501
3492
3509
3490
3507
3488
3505
3486
3503
3484
3501
3482
3489
3480
3487
3478
3485
3476
3483
3474
3481
3472
3489
3470
3487
3468
3485
3466
3483
3464
3481
3462
3469
3460
3467
3458
3465
3456
3463
3454
3461
3452
3469
3450
3467
3448
3465
3446
3463
3444
3461
3442
3449
3440
3447
3438
3445
3436
3443
3434
3441
3432
3449
3430
3447
3428
3445
3426
3443
3424
3441
3422
3429
3420
3427
3418
3425
3416
3423
3414
3421
3412
3429
3410
3427
3408
3425
3406
3423
3404
3421
3402
3409
3400
3407
3398
3405
3396
3403
3394
3401
3392
3409
3390
3407
3388
3405
3386
3403
3384
3401
3382
3389
3380
3387
3378
3385
3376
3383
3374
3381
3372
3389
3370
3387
3368
3385
3366
3383
3364
3381
3362
3369
3360
3367
3358
3365
3356
3363
3354
3361
3352
3369
3350
3367
3348
3365
3346
3363
3344
3361
3342
3349
3340
3347
3338
3345
3336
3343
3334
3341
3332
3349
3330
3347
3328
3345
3326
3343
3324
3341
3322
3329
3320
3327
3318
3325
3316
3323
3314
3321
3312
3329
3310
3327
3308
3325
3306
3323
3304
3321
3302
3309
3300
3307
3298
3305
3296
3303
3294
3301
3292
3309
3290
3307
3288
3305
3286
3303
3284
3301
3282
3289
3280
3287
3278
3285
3276
3283
3274
3281
3272
3289
3270
3287
3268
3285
3266
3283
3264
3281
3262
3269
3260
3267
3258
3265
3256
3263
3254
3261
3252
3269
3250
3267
3248
3265
3246
3263
3244
3261
3242
3249
3240
3247
3238
3245
3236
3243
3234
3241
3232
3249
3230
3247
3228
3245
3226
3243
3224
3241
3222
3229
3220
3227
3218
3225
3216
3223
3214
3221
3212
3229
3210
3227
3208
3225
3206
3223
3204
3221
3202
3209
3200
3207
3198
3205
3196
3203
3194
3201
3192
3209
3190
3207
3188
3205
3186
3203
3184
3201
3182
3189
3180
3187
3178
3185
3176
3183
3174
3181
3172
3189
3170
3187
3168
3185
3166
3183
3164
3181
3162
3169
3160
3167
3158
3165
3156
3163
3154
3161
3152
3169
3150
3167
3148
3165
3146
3163
3144
3161
3142
3149
3140
3147
3138
3145
3136
3143
3134
3141
3132
3149
3130
3147
3128
3145
3126
3143
3124
3141
3122
3129
3120
3127
3118
3125
3116
3123
3114
3121
3112
3129
3110
3127
3108
3125
3106
3123
3104
3121
3102
3109
3100
3107
3098
3105
3096
3103
3094
3101
3092
3109
3090
3107
3088
3105
3086
3103
3084
3101
3082
3089
3080
3087
3078
3085
3076
3083
3074
3081
3072
3089
3070
3087
3068
3085
3066
3083
3064
3081
3062
3069
3060
3067
3058
3065
3056
3063
3054
3061
3052
3069
3050
3067
3048
3065
3046
3063
3044
3061
3042
3049
3040
3047
3038
3045
3036
3043
3034
3041
3032
3049
3030
3047
3028
3045
3026
3043
3024
3041
3022
3029
3020
3027
3018
3025
3016
3023
3014
3021
3012
3029
3010
3027
3008
3025
3006
3023
3004
3021
3002
3009
3000
3007
2998
3005
2996
3003
2994
3001
2992
3009
2990
3007
2988
3005
2986
3003
2984
3001
2982
2989
2980
2987
2978
2985
2976
2983
2974
2981
2972
2989
2970
2987
2968
2985
2966
2983
2964
2981
2962
2969
2960
2967
2958
2965
2956
2963
2954
2961
2952
2969
2950
2967
2948
2965
2946
2963
2944
2961
2942
2949
2940
2947
2938
2945
2936
2943
2934
2941
2932
2949
2930
2947
2928
2945
2926
2943
2924
2941
2922
2929
2920
2927
2918
2925
2916
2923
2914
2921
2912
2929
2910
2927
2908
2925
2906
2923
2904
2921
2902
2909
2900
2907
2898
2905
2896
2903
2894
2901
2892
2909
2890
2907
2888
2905
2886
2903
2884
2901
2882
2889
2880
2887
2878
2885
2876
2883
2874
2881
2872
2889
2870
2887
2868
2885
2866
2883
2864
2881
2862
2869
2860
2867
2858
2865
2856
2863
2854
2861
2852
2869
2850
2867
2848
2865
2846
2863
2844
2861
2842
2849
2840
2847
2838
2845
2836
2843
2834
2841
2832
2849
2830
2847
2828
2845
2826
2843
2824
2841
2822
2829
2820
2827
2818
2825
2816
2823
2814
2821
2812
2829
2810
2827
2808
2825
2806
2823
2804
2821
2802
2809
2800
2807
2798
2805
2796
2803
2794
2801
2792
2809
2790
2807
2788
2805
2786
2803
2784
2801
2782
2789
2780
2787
2778
2785
2776
2783
2774
2781
2772
2789
2770
2787
2768
2785
2766
2783
2764
2781
2762
2769
2760
2767
2758
2765
2756
2763
2754
2761
2752
2769
2750
2767
2748
2765
2746
2763
2744
2761
2742
2749
2740
2747
2738
2745
2736
2743
2734
2741
2732
2749
2730
2747
2728
2745
2726
2743
2724
2741
2722
2729
2720
2727
2718
2725
2716
2723
2714
2721
2712
2729
2710
2727
2708
2725
2706
2723
2704
2721
2702
2709
2700
2707
2698
2705
2696
2703
2694
2701
2692
2709
2690
2707
2688
2705
2686
2703
2684
2701
2682
2689
2680
2687
2678
2685
2676
2683
2674
2681
2672
2689
2670
2687
2668
2685
2666
2683
2664
2681
2662
2669
2660
2667
2658
2665
2656
2663
2654
2661
2652
2669
2650
2667
2648
2665
2646
2663
2644
2661
2642
2649
2640
2647
2638
2645
2636
2643
2634
2641
2632
2649
2630
2647
2628
2645
2626
2643
2624
2641
2622
2629
2620
2627
2618
2625
2616
2623
2614
2621
2612
2629
2610
2627
2608
2625
2606
2623
2604
2621
2602
2609
2600
2607
2598
2605
2596
2603
2594
2601
2592
2609
2590
2607
2588
2605
2586
2603
2584
2601
2582
2589
2580
2587
2578
2585
2576
2583
2574
2581
2572
2589
2570
2587
2568
2585
2566
2583
2564
2581
2562
2569
2560
2567
2558
2565
2556
2563
2554
2561
2552
2569
2550
2567
2548
2565
2546
2563
2544
2561
2542
2549
2540
2547
2538
2545
2536
2543
2534
2541
2532
2549
2530
2547
2528
2545
2526
2543
2524
2541
2522
2529
2520
2527
2518
2525
2516
2523
2514
2521
2512
2529
2510
2527
2508
2525
2506
2523
2504
2521
2502
2509
2500
2507
2498
2505
2496
2503
2494
2501
2492
2509
2490
2507
2488
2505
2486
2503
2484
2501
2482
2489
2480
2487
2478
2485
2476
2483
2474
2481
2472
2489
2470
2487
2468
2485
2466
2483
2464
2481
2462
2469
2460
2467
2458
2465
2456
2463
2454
2461
2452
2469
2450
2467
2448
2465
2446
2463
2444
2461
2442
2449
2440
2447
2438
2445
2436
2443
2434
2441
2432
2449
2430
2447
2428
2445
2426
2443
2424
2441
2422
2429
2420
2427
2418
2425
2416
2423
2414
2421
2412
2429
2410
2427
2408
2425
2406
2423
2404
2421
2402
2409
2400
2407
2398
2405
2396
2403
2394
2401
2392
2409
2390
2407
2388
2405
2386
2403
2384
2401
2382
2389
2380
2387
2378
2385
2376
2383
2374
2381
2372
2389
2370
2387
2368
2385
2366
2383
2364
2381
2362
2369
2360
2367
2358
2365
2356
2363
2354
2361
2352
2369
2350
2367
2348
2365
2346
2363
2344
2361
2342
2349
2340
2347
2338
2345
2336
2343
2334
2341
2332
2349
2330
2347
2328
2345
2326
2343
2324
2341
2322
2329
2320
2327
2318
2325
2316
2323
2314
2321
2312
2329
2310
2327
2308
2325
2306
2323
2304
2321
2302
2309
2300
2307
2298
2305
2296
2303
2294
2301
2292
2309
2290
2307
2288
2305
2286
2303
2284
2301
2282
2289
2280
2287
2278
2285
2276
2283
2274
2281
2272
2289
2270
2287
2268
2285
2266
2283
2264
2281
2262
2269
2260
2267
2258
2265
2256
2263
2254
2261
2252
2269
2250
2267
2248
2265
2246
2263
2244
2261
2242
2249
2240
2247
2238
2245
2236
2243
2234
2241
2232
2249
2230
2247
2228
2245
2226
2243
2224
2241
2222
2229
2220
2227
2218
2225
2216
2223
2214
2221
2212
2229
2210
2227
2208
2225
2206
2223
2204
2221
2202
2209
2200
2207
2198
2205
2196
2203
2194
2201
2192
2209
2190
2207
2188
2205
2186
2203
2184
2201
2182
2189
2180
2187
2178
2185
2176
2183
2174
2181
2172
2189
2170
2187
2168
2185
2166
2183
2164
2181
2162
2169
2160
2167
2158
2165
2156
2163
2154
2161
2152
2169
2150
2167
2148
2165
2146
2163
2144
2161
2142
2149
2140
2147
2138
2145
2136
2143
2134
2141
2132
2149
2130
2147
2128
2145
2126
2143
2124
2141
2122
2129
2120
2127
2118
2125
2116
2123
2114
2121
2112
2129
2110
2127
2108
2125
2106
2123
2104
2121
2102
2109
2100
2107
2098
2105
2096
2103
2094
2101
2092
2109
2090
2107
2088
2105
2086
2103
2084
2101
2082
2089
2080
2087
2078
2085
2076
2083
2074
2081
2072
2089
2070
2087
2068
2085
2066
2083
2064
2081
2062
2069
2060
2067
2058
2065
2056
2063
2054
2061
2052
2069
2050
2067
2048
2065
2046
2063
2044
2061
2042
2049
2040
2047
2038
2045
2036
2043
2034
2041
2032
2049
2030
2047
2028
2045
2026
2043
2024
2041
2022
2029
2020
2027
2018
2025
2016
2023
2014
2021
2012
2029
2010
2027
2008
2025
2006
2023
2004
2021
2002
2009
2000
2007
1998
2005
1996
2003
1994
2001
1992
2009
1990
2007
1988
2005
1986
2003
1984
2001
1982
1989
1980
1987
1978
1985
1976
1983
1974
1981
1972
1989
1970
1987
1968
1985
1966
1983
1964
1981
1962
1969
1960
1967
1958
1965
1956
1963
1954
1961
1952
1969
1950
1967
1948
1965
1946
1963
1944
1961
1942
1949
1940
1947
1938
1945
1936
1943
1934
1941
1932
1949
1930
1947
1928
1945
1926
1943
1924
1941
1922
1929
1920
1927
1918
1925
1916
1923
1914
1921
1912
1929
1910
1927
1908
1925
1906
1923
1904
1921
1902
1909
1900
1907
1898
1905
1896
1903
1894
1901
1892
1909
1890
1907
1888
1905
1886
1903
1884
1901
1882
1889
1880
1887
1878
1885
1876
1883
1874
1881
1872
1889
1870
1887
1868
1885
1866
1883
1864
1881
1862
1869
1860
1867
1858
1865
1856
1863
1854
1861
1852
1869
1850
1867
1848
1865
1846
1863
1844
1861
1842
1849
1840
1847
1838
1845
1836
1843
1834
1841
1832
1849
1830
1847
1828
1845
1826
1843
1824
1841
1822
1829
1820
1827
1818
1825
1816
1823
1814
1821
1812
1829
1810
1827
1808
1825
1806
1823
1804
1821
1802
1809
1800
1807
1798
1805
1796
1803
1794
1801
1792
1809
1790
1807
1788
1805
1786
1803
1784
1801
1782
1789
1780
1787
1778
1785
1776
1783
1774
1781
1772
1789
1770
1787
1768
1785
1766
1783
1764
1781
1762
1769
1760
1767
1758
1765
1756
1763
1754
1761
1752
1769
1750
1767
1748
1765
1746
1763
1744
1761
1742
1749
1740
1747
1738
1745
1736
1743
1734
1741
1732
1749
1730
1747
1728
1745
1726
1743
1724
1741
1722
1729
1720
1727
1718
1725
1716
1723
1714
1721
1712
1729
1710
1727
1708
1725
1706
1723
1704
1721
1702
1709
1700
1707
1698
1705
1696
1703
1694
1701
1692
1709
1690
1707
1688
1705
1686
1703
1684
1701
1682
1689
1680
1687
1678
1685
1676
1683
1674
1681
1672
1689
1670
1687
1668
1685
1666
1683
1664
1681
1662
1669
1660
1667
1658
1665
1656
1663
1654
1661
1652
1669
1650
1667
1648
1665
1646
1663
1644
1661
1642
1649
1640
1647
1638
1645
1636
1643
1634
1641
1632
1649
1630
1647
1628
1645
1626
1643
1624
1641
1622
1629
1620
1627
1618
1625
1616
1623
1614
1621
1612
1629
1610
1627
1608
1625
1606
1623
1604
1621
1602
1609
1600
1607
1598
1605
1596
1603
1594
1601
1592
1609
1590
1607
1588
1605
1586
1603
1584
1601
1582
1589
1580
1587
1578
1585
1576
1583
1574
1581
1572
1589
1570
1587
1568
1585
1566
1583
1564
1581
1562
1569
1560
1567
1558
1565
1556
1563
1554
1561
1552
1569
1550
1567
1548
1565
1546
1563
1544
1561
1542
1549
1540
1547
1538
1545
1536
1543
1534
1541
1532
1549
1530
1547
1528
1545
1526
1543
1524
1541
1522
1529
1520
1527
1518
1525
1516
1523
1514
1521
1512
1529
1510
1527
1508
1525
1506
1523
1504
1521
1502
1509
1500
1507
1498
1505
1496
1503
1494
1501
1492
1509
1490
1507
1488
1505
1486
1503
1484
1501
1482
1489
1480
1487
1478
1485
1476
1483
1474
1481
1472
1489
1470
1487
1468
1485
1466
1483
1464
1481
1462
1469
1460
1467
1458
1465
1456
1463
1454
1461
1452
1469
1450
1467
1448
1465
1446
1463
1444
1461
1442
1449
1440
1447
1438
1445
1436
1443
1434
1441
1432
1449
1430
1447
1428
1445
1426
1443
1424
1441
1422
1429
1420
1427
1418
1425
1416
1423
1414
1421
1412
1429
1410
1427
1408
1425
1406
1423
1404
1421
1402
1409
1400
1407
1398
1405
1396
1403
1394
1401
1392
1409
1390
1407
1388
1405
1386
1403
1384
1401
1382
1389
1380
1387
1378
1385
1376
1383
1374
1381
1372
1389
1370
1387
1368
1385
1366
1383
1364
1381
1362
1369
1360
1367
1358
1365
1356
1363
1354
1361
1352
1369
1350
1367
1348
1365
1346
1363
1344
1361
1342
1349
1340
1347
1338
1345
1336
1343
1334
1341
1332
1349
1330
1347
1328
1345
1326
1343
1324
1341
1322
1329
1320
1327
1318
1325
1316
1323
1314
1321
1312
1329
1310
1327
1308
1325
1306
1323
1304
1321
1302
1309
1300
1307
1298
1305
1296
1303
1294
1301
1292
1309
1290
1307
1288
1305
1286
1303
1284
1301
1282
1289
1280
1287
1278
1285
1276
1283
1274
1281
1272
1289
1270
1287
1268
1285
1266
1283
1264
1281
1262
1269
1260
1267
1258
1265
1256
1263
1254
1261
1252
1269
1250
1267
1248
1265
1246
1263
1244
1261
1242
1249
1240
1247
1238
1245
1236
1243
1234
1241
1232
1249
1230
1247
1228
1245
1226
1243
1224
1241
1222
1229
1220
1227
1218
1225
1216
1223
1214
1221
1212
1229
1210
1227
1208
1225
1206
1223
1204
1221
1202
1209
1200
1207
1198
1205
1196
1203
1194
1201
1192
1209
1190
1207
1188
1205
1186
1203
1184
1201
1182
1189
1180
1187
1178
1185
1176
1183
1174
1181
1172
1189
1170
1187
1168
1185
1166
1183
1164
1181
1162
1169
1160
1167
1158
1165
1156
1163
1154
1161
1152
1169
1150
1167
1148
1165
1146
1163
1144
1161
1142
1149
1140
1147
1138
1145
1136
1143
1134
1141
1132
1149
1130
1147
1128
1145
1126
1143
1124
1141
1122
1129
1120
1127
1118
1125
1116
1123
1114
1121
1112
1129
1110
1127
1108
1125
1106
1123
1104
1121
1102
1109
1100
1107
1098
1105
1096
1103
1094
1101
1092
1109
1090
1107
1088
1105
1086
1103
1084
1101
1082
1089
1080
1087
1078
1085
1076
1083
1074
1081
1072
1089
1070
1087
1068
1085
1066
1083
1064
1081
1062
1069
1060
1067
1058
1065
1056
1063
1054
1061
1052
1069
1050
1067
1048
1065
1046
1063
1044
1061
1042
1049
1040
1047
1038
1045
1036
1043
1034
1041
1032
1049
1030
1047
1028
1045
1026
1043
1024
1041
1022
1029
1020
1027
1018
1025
1016
1023
1014
1021
1012
1029
1010
1027
1008
1025
1006
1023
1004
1021
1002
1009
1000
1007
998
1005
996
1003
994
1001
992
1009
990
1007
988
1005
986
1003
984
1001
982
989
980
987
978
985
976
983
974
981
972
989
970
987
968
985
966
983
964
981
962
969
960
967
958
965
956
963
954
961
952
969
950
967
948
965
946
963
944
961
942
949
940
947
938
945
936
943
934
941
932
949
930
947
928
945
926
943
924
941
922
929
920
927
918
925
916
923
914
921
912
929
910
927
908
925
906
923
904
921
902
909
900
907
898
905
896
903
894
901
892
909
890
907
888
905
886
903
884
901
882
889
880
887
878
885
876
883
874
881
872
889
870
887
868
885
866
883
864
881
862
869
860
867
858
865
856
863
854
861
852
869
850
867
848
865
846
863
844
861
842
849
840
847
838
845
836
843
834
841
832
849
830
847
828
845
826
843
824
841
822
829
820
827
818
825
816
823
814
821
812
829
810
827
808
825
806
823
804
821
802
809
800
807
798
805
796
803
794
801
792
809
790
807
788
805
786
803
784
801
782
789
780
787
778
785
776
783
774
781
772
789
770
787
768
785
766
783
764
781
762
769
760
767
758
765
756
763
754
761
752
769
750
767
748
765
746
763
744
761
742
749
740
747
738
745
736
743
734
741
732
749
730
747
728
745
726
743
724
741
722
729
720
727
718
725
716
723
714
721
712
729
710
727
708
725
706
723
704
721
702
709
700
707
698
705
696
703
694
701
692
709
690
707
688
705
686
703
684
701
682
689
680
687
678
685
676
683
674
681
672
689
670
687
668
685
666
683
664
681
662
669
660
667
658
665
656
663
654
661
652
669
650
667
648
665
646
663
644
661
642
649
640
647
638
645
636
643
634
641
632
649
630
647
628
645
626
643
624
641
622
629
620
627
618
625
616
623
614
621
612
629
610
627
608
625
606
623
604
621
602
609
600
607
598
605
596
603
594
601
592
609
590
607
588
605
586
603
584
601
582
589
580
587
578
585
576
583
574
581
572
589
570
587
568
585
566
583
564
581
562
569
560
567
558
565
556
563
554
561
552
569
550
567
548
565
546
563
544
561
542
549
540
547
538
545
536
543
534
541
532
549
530
547
528
545
526
543
524
541
522
529
520
527
518
525
516
523
514
521
512
529
510
527
508
525
506
523
504
521
502
509
500
507
498
505
496
503
494
501
492
509
490
507
488
505
486
503
484
501
482
489
480
487
478
485
476
483
474
481
472
489
470
487
468
485
466
483
464
481
462
469
460
467
458
465
456
463
454
461
452
469
450
467
448
465
446
463
444
461
442
449
440
447
438
445
436
443
434
441
432
449
430
447
428
445
426
443
424
441
422
429
420
427
418
425
416
423
414
421
412
429
410
427
408
425
406
423
404
421
402
409
400
407
398
405
396
403
394
401
392
409
390
407
388
405
386
403
384
401
382
389
380
387
378
385
376
383
374
381
372
389
370
387
368
385
366
383
364
381
362
369
360
367
358
365
356
363
354
361
352
369
350
367
348
365
346
363
344
361
342
349
340
347
338
345
336
343
334
341
332
349
330
347
328
345
326
343
324
341
322
329
320
327
318
325
316
323
314
321
312
329
310
327
308
325
306
323
304
321
302
309
300
307
298
305
296
303
294
301
292
309
290
307
288
305
286
303
284
301
282
289
280
287
278
285
276
283
274
281
272
289
270
287
268
285
266
283
264
281
262
269
260
267
258
265
256
263
254
261
252
269
250
267
248
265
246
263
244
261
242
249
240
247
238
245
236
243
234
241
232
249
230
247
228
245
226
243
224
241
222
229
220
227
218
225
216
223
214
221
212
229
210
227
208
225
206
223
204
221
202
209
200
207
198
205
196
203
194
201
192
209
190
207
188
205
186
203
184
201
182
189
180
187
178
185
176
183
174
181
172
189
170
187
168
185
166
183
164
181
162
169
160
167
158
165
156
163
154
161
152
169
150
167
148
165
146
163
144
161
142
149
140
147
138
145
136
143
134
141
132
149
130
147
128
145
126
143
124
141
122
129
120
127
118
125
116
123
114
121
112
129
110
127
108
125
106
123
104
121
102
109
100
107
98
105
96
103
94
101
92
109
90
107
88
105
86
103
84
101
82
89
80
87
78
85
76
83
74
81
72
89
70
87
68
85
66
83
64
81
62
69
60
67
58
65
56
63
54
61
52
69
50
67
48
65
46
63
44
61
42
49
40
47
38
45
36
43
34
41
32
49
30
47
28
45
26
43
24
41
22
29
20
27
18
25
16
23
14
21
12
39
10
37
8
35
6
33
4
31
2
