Filename: rev2K.dat

Sorted Data
1
51
51
1998
1997
1996
1995
1994
1993
1992
1991
1990
1989
1988
1987
1989
1985
1987
1983
1985
1981
1983
1979
1981
1977
1979
1975
1977
1973
1975
1971
1973
1969
1971
1967
1969
1965
1967
1963
1965
1961
1963
1959
1961
1957
1959
1955
1957
1953
1955
1951
1953
1949
1951
1947
1949
1945
1947
1943
1945
1941
1943
1939
1941
1937
1939
1935
1937
1933
1935
1931
1933
1929
1931
1927
1944
1925
1942
1923
1925
1921
1923
1919
1921
1917
1934
1915
1932
1913
1915
1911
1913
1909
1911
1907
1924
1905
1922
1903
1905
1901
1903
1899
1901
1897
1914
1895
1912
1893
1895
1891
1893
1889
1891
1887
1904
1885
1902
1883
1885
1881
1883
1879
1881
1877
1894
1875
1892
1873
1875
1871
1873
1869
1871
1867
1884
1865
1882
1863
1865
1861
1863
1859
1861
1857
1874
1855
1872
1853
1855
1851
1853
1849
1851
1847
1864
1845
1862
1843
1845
1841
1843
1839
1841
1837
1854
1835
1852
1833
1835
1831
1833
1829
1831
1827
1844
1825
1842
1823
1825
1821
1823
1819
1821
1817
1834
1815
1832
1813
1815
1811
1813
1809
1811
1807
1824
1805
1822
1803
1805
1801
1803
1799
1801
1797
1814
1795
1812
1793
1795
1791
1793
1789
1791
1787
1804
1785
1802
1783
1785
1781
1783
1779
1781
1777
1794
1775
1792
1773
1775
1771
1773
1769
1771
1767
1784
1765
1782
1763
1765
1761
1763
1759
1761
1757
1774
1755
1772
1753
1755
1751
1753
1749
1751
1747
1764
1745
1762
1743
1745
1741
1743
1739
1741
1737
1754
1735
1752
1733
1735
1731
1733
1729
1731
1727
1744
1725
1742
1723
1725
1721
1723
1719
1721
1717
1734
1715
1732
1713
1715
1711
1713
1709
1711
1707
1724
1705
1722
1703
1705
1701
1703
1699
1701
1697
1714
1695
1712
1693
1695
1691
1693
1689
1691
1687
1704
1685
1702
1683
1685
1681
1683
1679
1681
1677
1694
1675
1692
1673
1675
1671
1673
1669
1671
1667
1684
1665
1682
1663
1665
1661
1663
1659
1661
1657
1674
1655
1672
1653
1655
1651
1653
1649
1651
1647
1664
1645
1662
1643
1645
1641
1643
1639
1641
1637
1654
1635
1652
1633
1635
1631
1633
1629
1631
1627
1644
1625
1642
1623
1625
1621
1623
1619
1621
1617
1634
1615
1632
1613
1615
1611
1613
1609
1611
1607
1624
1605
1622
1603
1605
1601
1603
1599
1601
1597
1614
1595
1612
1593
1595
1591
1593
1589
1591
1587
1604
1585
1602
1583
1585
1581
1583
1579
1581
1577
1594
1575
1592
1573
1575
1571
1573
1569
1571
1567
1584
1565
1582
1563
1565
1561
1563
1559
1561
1557
1574
1555
1572
1553
1555
1551
1553
1549
1551
1547
1564
1545
1562
1543
1545
1541
1543
1539
1541
1537
1554
1535
1552
1533
1535
1531
1533
1529
1531
1527
1544
1525
1542
1523
1525
1521
1523
1519
1521
1517
1534
1515
1532
1513
1515
1511
1513
1509
1511
1507
1524
1505
1522
1503
1505
1501
1503
1499
1501
1497
1514
1495
1512
1493
1495
1491
1493
1489
1491
1487
1504
1485
1502
1483
1485
1481
1483
1479
1481
1477
1494
1475
1492
1473
1475
1471
1473
1469
1471
1467
1484
1465
1482
1463
1465
1461
1463
1459
1461
1457
1474
1455
1472
1453
1455
1451
1453
1449
1451
1447
1464
1445
1462
1443
1445
1441
1443
1439
1441
1437
1454
1435
1452
1433
1435
1431
1433
1429
1431
1427
1444
1425
1442
1423
1425
1421
1423
1419
1421
1417
1434
1415
1432
1413
1415
1411
1413
1409
1411
1407
1424
1405
1422
1403
1405
1401
1403
1399
1401
1397
1414
1395
1412
1393
1395
1391
1393
1389
1391
1387
1404
1385
1402
1383
1385
1381
1383
1379
1381
1377
1394
1375
1392
1373
1375
1371
1373
1369
1371
1367
1384
1365
1382
1363
1365
1361
1363
1359
1361
1357
1374
1355
1372
1353
1355
1351
1353
1349
1351
1347
1364
1345
1362
1343
1345
1341
1343
1339
1341
1337
1354
1335
1352
1333
1335
1331
1333
1329
1331
1327
1344
1325
1342
1323
1325
1321
1323
1319
1321
1317
1334
1315
1332
1313
1315
1311
1313
1309
1311
1307
1324
1305
1322
1303
1305
1301
1303
1299
1301
1297
1314
1295
1312
1293
1295
1291
1293
1289
1291
1287
1304
1285
1302
1283
1285
1281
1283
1279
1281
1277
1294
1275
1292
1273
1275
1271
1273
1269
1271
1267
1284
1265
1282
1263
1265
1261
1263
1259
1261
1257
1274
1255
1272
1253
1255
1251
1253
1249
1251
1247
1264
1245
1262
1243
1245
1241
1243
1239
1241
1237
1254
1235
1252
1233
1235
1231
1233
1229
1231
1227
1244
1225
1242
1223
1225
1221
1223
1219
1221
1217
1234
1215
1232
1213
1215
1211
1213
1209
1211
1207
1224
1205
1222
1203
1205
1201
1203
1199
1201
1197
1214
1195
1212
1193
1195
1191
1193
1189
1191
1187
1204
1185
1202
1183
1185
1181
1183
1179
1181
1177
1194
1175
1192
1173
1175
1171
1173
1169
1171
1167
1184
1165
1182
1163
1165
1161
1163
1159
1161
1157
1174
1155
1172
1153
1155
1151
1153
1149
1151
1147
1164
1145
1162
1143
1145
1141
1143
1139
1141
1137
1154
1135
1152
1133
1135
1131
1133
1129
1131
1127
1144
1125
1142
1123
1125
1121
1123
1119
1121
1117
1134
1115
1132
1113
1115
1111
1113
1109
1111
1107
1124
1105
1122
1103
1105
1101
1103
1099
1101
1097
1114
1095
1112
1093
1095
1091
1093
1089
1091
1087
1104
1085
1102
1083
1085
1081
1083
1079
1081
1077
1094
1075
1092
1073
1075
1071
1073
1069
1071
1067
1084
1065
1082
1063
1065
1061
1063
1059
1061
1057
1074
1055
1072
1053
1055
1051
1053
1049
1051
1047
1064
1045
1062
1043
1045
1041
1043
1039
1041
1037
1054
1035
1052
1033
1035
1031
1033
1029
1031
1027
1044
1025
1042
1023
1025
1021
1023
1019
1021
1017
1034
1015
1032
1013
1015
1011
1013
1009
1011
1007
1024
1005
1022
1003
1005
1001
1003
999
1001
997
1014
995
1012
993
995
991
993
989
991
987
1004
985
1002
983
985
981
983
979
981
977
994
975
992
973
975
971
973
969
971
967
984
965
982
963
965
961
963
959
961
957
974
955
972
953
955
951
953
949
951
947
964
945
962
943
945
941
943
939
941
937
954
935
952
933
935
931
933
929
931
927
944
925
942
923
925
921
923
919
921
917
934
915
932
913
915
911
913
909
911
907
924
905
922
903
905
901
903
899
901
897
914
895
912
893
895
891
893
889
891
887
904
885
902
883
885
881
883
879
881
877
894
875
892
873
875
871
873
869
871
867
884
865
882
863
865
861
863
859
861
857
874
855
872
853
855
851
853
849
851
847
864
845
862
843
845
841
843
839
841
837
854
835
852
833
835
831
833
829
831
827
844
825
842
823
825
821
823
819
821
817
834
815
832
813
815
811
813
809
811
807
824
805
822
803
805
801
803
799
801
797
814
795
812
793
795
791
793
789
791
787
804
785
802
783
785
781
783
779
781
777
794
775
792
773
775
771
773
769
771
767
784
765
782
763
765
761
763
759
761
757
774
755
772
753
755
751
753
749
751
747
764
745
762
743
745
741
743
739
741
737
754
735
752
733
735
731
733
729
731
727
744
725
742
723
725
721
723
719
721
717
734
715
732
713
715
711
713
709
711
707
724
705
722
703
705
701
703
699
701
697
714
695
712
693
695
691
693
689
691
687
704
685
702
683
685
681
683
679
681
677
694
675
692
673
675
671
673
669
671
667
684
665
682
663
665
661
663
659
661
657
674
655
672
653
655
651
653
649
651
647
664
645
662
643
645
641
643
639
641
637
654
635
652
633
635
631
633
629
631
627
644
625
642
623
625
621
623
619
621
617
634
615
632
613
615
611
613
609
611
607
624
605
622
603
605
601
603
599
601
597
614
595
612
593
595
591
593
589
591
587
604
585
602
583
585
581
583
579
581
577
594
575
592
573
575
571
573
569
571
567
584
565
582
563
565
561
563
559
561
557
574
555
572
553
555
551
553
549
551
547
564
545
562
543
545
541
543
539
541
537
554
535
552
533
535
531
533
529
531
527
544
525
542
523
525
521
523
519
521
517
534
515
532
513
515
511
513
509
511
507
524
505
522
503
505
501
503
499
501
497
514
495
512
493
495
491
493
489
491
487
504
485
502
483
485
481
483
479
481
477
494
475
492
473
475
471
473
469
471
467
484
465
482
463
465
461
463
459
461
457
474
455
472
453
455
451
453
449
451
447
464
445
462
443
445
441
443
439
441
437
454
435
452
433
435
431
433
429
431
427
444
425
442
423
425
421
423
419
421
417
434
415
432
413
415
411
413
409
411
407
424
405
422
403
405
401
403
399
401
397
414
395
412
393
395
391
393
389
391
387
404
385
402
383
385
381
383
379
381
377
394
375
392
373
375
371
373
369
371
367
384
365
382
363
365
361
363
359
361
357
374
355
372
353
355
351
353
349
351
347
364
345
362
343
345
341
343
339
341
337
354
335
352
333
335
331
333
329
331
327
344
325
342
323
325
321
323
319
321
317
334
315
332
313
315
311
313
309
311
307
324
305
322
303
305
301
303
299
301
297
314
295
312
293
295
291
293
289
291
287
304
285
302
283
285
281
283
279
281
277
294
275
292
273
275
271
273
269
271
267
284
265
282
263
265
261
263
259
261
257
274
255
272
253
255
251
253
249
251
247
264
245
262
243
245
241
243
239
241
237
254
235
252
233
235
231
233
229
231
227
244
225
242
223
225
221
223
219
221
217
234
215
232
213
215
211
213
209
211
207
224
205
222
203
205
201
203
199
201
197
214
195
212
193
195
191
193
189
191
187
204
185
202
183
185
181
183
179
181
177
194
175
192
173
175
171
173
169
171
167
184
165
182
163
165
161
163
159
161
157
174
155
172
153
155
151
153
149
151
147
164
145
162
143
145
141
143
139
141
137
154
135
152
133
135
131
133
129
131
127
144
125
142
123
125
121
123
119
121
117
134
115
132
113
115
111
113
109
111
107
124
105
122
103
105
101
103
99
101
97
114
95
112
93
95
91
93
89
91
87
104
85
102
83
85
81
83
79
81
77
94
75
92
73
75
71
73
69
71
67
84
65
82
63
65
61
63
59
61
57
74
55
72
53
55
51
53
49
51
47
64
45
62
43
45
41
43
39
41
37
54
35
52
33
35
31
33
29
31
27
44
25
42
23
25
21
23
19
21
17
34
15
32
13
15
11
13
9
11
7
29
5
27
3
26
