Filename: rev5K.dat

Sorted Data
1
51
101
4998
4997
4996
4995
4994
4993
4992
4991
4990
4989
4988
4987
4989
4985
4987
4983
4985
4981
4983
4979
4981
4977
4979
4975
4977
4973
4975
4971
4973
4969
4971
4967
4969
4965
4967
4963
4965
4961
4963
4959
4961
4957
4959
4955
4957
4953
4955
4951
4953
4949
4951
4947
4949
4945
4947
4943
4945
4941
4943
4939
4941
4937
4939
4935
4937
4933
4935
4931
4933
4929
4931
4927
4944
4925
4942
4923
4925
4921
4923
4919
4921
4917
4934
4915
4932
4913
4915
4911
4913
4909
4911
4907
4924
4905
4922
4903
4905
4901
4903
4899
4901
4897
4914
4895
4912
4893
4895
4891
4893
4889
4891
4887
4904
4885
4902
4883
4885
4881
4883
4879
4881
4877
4894
4875
4892
4873
4875
4871
4873
4869
4871
4867
4884
4865
4882
4863
4865
4861
4863
4859
4861
4857
4874
4855
4872
4853
4855
4851
4853
4849
4851
4847
4864
4845
4862
4843
4845
4841
4843
4839
4841
4837
4854
4835
4852
4833
4835
4831
4833
4829
4831
4827
4844
4825
4842
4823
4825
4821
4823
4819
4821
4817
4834
4815
4832
4813
4815
4811
4813
4809
4811
4807
4824
4805
4822
4803
4805
4801
4803
4799
4801
4797
4814
4795
4812
4793
4795
4791
4793
4789
4791
4787
4804
4785
4802
4783
4785
4781
4783
4779
4781
4777
4794
4775
4792
4773
4775
4771
4773
4769
4771
4767
4784
4765
4782
4763
4765
4761
4763
4759
4761
4757
4774
4755
4772
4753
4755
4751
4753
4749
4751
4747
4764
4745
4762
4743
4745
4741
4743
4739
4741
4737
4754
4735
4752
4733
4735
4731
4733
4729
4731
4727
4744
4725
4742
4723
4725
4721
4723
4719
4721
4717
4734
4715
4732
4713
4715
4711
4713
4709
4711
4707
4724
4705
4722
4703
4705
4701
4703
4699
4701
4697
4714
4695
4712
4693
4695
4691
4693
4689
4691
4687
4704
4685
4702
4683
4685
4681
4683
4679
4681
4677
4694
4675
4692
4673
4675
4671
4673
4669
4671
4667
4684
4665
4682
4663
4665
4661
4663
4659
4661
4657
4674
4655
4672
4653
4655
4651
4653
4649
4651
4647
4664
4645
4662
4643
4645
4641
4643
4639
4641
4637
4654
4635
4652
4633
4635
4631
4633
4629
4631
4627
4644
4625
4642
4623
4625
4621
4623
4619
4621
4617
4634
4615
4632
4613
4615
4611
4613
4609
4611
4607
4624
4605
4622
4603
4605
4601
4603
4599
4601
4597
4614
4595
4612
4593
4595
4591
4593
4589
4591
4587
4604
4585
4602
4583
4585
4581
4583
4579
4581
4577
4594
4575
4592
4573
4575
4571
4573
4569
4571
4567
4584
4565
4582
4563
4565
4561
4563
4559
4561
4557
4574
4555
4572
4553
4555
4551
4553
4549
4551
4547
4564
4545
4562
4543
4545
4541
4543
4539
4541
4537
4554
4535
4552
4533
4535
4531
4533
4529
4531
4527
4544
4525
4542
4523
4525
4521
4523
4519
4521
4517
4534
4515
4532
4513
4515
4511
4513
4509
4511
4507
4524
4505
4522
4503
4505
4501
4503
4499
4501
4497
4514
4495
4512
4493
4495
4491
4493
4489
4491
4487
4504
4485
4502
4483
4485
4481
4483
4479
4481
4477
4494
4475
4492
4473
4475
4471
4473
4469
4471
4467
4484
4465
4482
4463
4465
4461
4463
4459
4461
4457
4474
4455
4472
4453
4455
4451
4453
4449
4451
4447
4464
4445
4462
4443
4445
4441
4443
4439
4441
4437
4454
4435
4452
4433
4435
4431
4433
4429
4431
4427
4444
4425
4442
4423
4425
4421
4423
4419
4421
4417
4434
4415
4432
4413
4415
4411
4413
4409
4411
4407
4424
4405
4422
4403
4405
4401
4403
4399
4401
4397
4414
4395
4412
4393
4395
4391
4393
4389
4391
4387
4404
4385
4402
4383
4385
4381
4383
4379
4381
4377
4394
4375
4392
4373
4375
4371
4373
4369
4371
4367
4384
4365
4382
4363
4365
4361
4363
4359
4361
4357
4374
4355
4372
4353
4355
4351
4353
4349
4351
4347
4364
4345
4362
4343
4345
4341
4343
4339
4341
4337
4354
4335
4352
4333
4335
4331
4333
4329
4331
4327
4344
4325
4342
4323
4325
4321
4323
4319
4321
4317
4334
4315
4332
4313
4315
4311
4313
4309
4311
4307
4324
4305
4322
4303
4305
4301
4303
4299
4301
4297
4314
4295
4312
4293
4295
4291
4293
4289
4291
4287
4304
4285
4302
4283
4285
4281
4283
4279
4281
4277
4294
4275
4292
4273
4275
4271
4273
4269
4271
4267
4284
4265
4282
4263
4265
4261
4263
4259
4261
4257
4274
4255
4272
4253
4255
4251
4253
4249
4251
4247
4264
4245
4262
4243
4245
4241
4243
4239
4241
4237
4254
4235
4252
4233
4235
4231
4233
4229
4231
4227
4244
4225
4242
4223
4225
4221
4223
4219
4221
4217
4234
4215
4232
4213
4215
4211
4213
4209
4211
4207
4224
4205
4222
4203
4205
4201
4203
4199
4201
4197
4214
4195
4212
4193
4195
4191
4193
4189
4191
4187
4204
4185
4202
4183
4185
4181
4183
4179
4181
4177
4194
4175
4192
4173
4175
4171
4173
4169
4171
4167
4184
4165
4182
4163
4165
4161
4163
4159
4161
4157
4174
4155
4172
4153
4155
4151
4153
4149
4151
4147
4164
4145
4162
4143
4145
4141
4143
4139
4141
4137
4154
4135
4152
4133
4135
4131
4133
4129
4131
4127
4144
4125
4142
4123
4125
4121
4123
4119
4121
4117
4134
4115
4132
4113
4115
4111
4113
4109
4111
4107
4124
4105
4122
4103
4105
4101
4103
4099
4101
4097
4114
4095
4112
4093
4095
4091
4093
4089
4091
4087
4104
4085
4102
4083
4085
4081
4083
4079
4081
4077
4094
4075
4092
4073
4075
4071
4073
4069
4071
4067
4084
4065
4082
4063
4065
4061
4063
4059
4061
4057
4074
4055
4072
4053
4055
4051
4053
4049
4051
4047
4064
4045
4062
4043
4045
4041
4043
4039
4041
4037
4054
4035
4052
4033
4035
4031
4033
4029
4031
4027
4044
4025
4042
4023
4025
4021
4023
4019
4021
4017
4034
4015
4032
4013
4015
4011
4013
4009
4011
4007
4024
4005
4022
4003
4005
4001
4003
3999
4001
3997
4014
3995
4012
3993
3995
3991
3993
3989
3991
3987
4004
3985
4002
3983
3985
3981
3983
3979
3981
3977
3994
3975
3992
3973
3975
3971
3973
3969
3971
3967
3984
3965
3982
3963
3965
3961
3963
3959
3961
3957
3974
3955
3972
3953
3955
3951
3953
3949
3951
3947
3964
3945
3962
3943
3945
3941
3943
3939
3941
3937
3954
3935
3952
3933
3935
3931
3933
3929
3931
3927
3944
3925
3942
3923
3925
3921
3923
3919
3921
3917
3934
3915
3932
3913
3915
3911
3913
3909
3911
3907
3924
3905
3922
3903
3905
3901
3903
3899
3901
3897
3914
3895
3912
3893
3895
3891
3893
3889
3891
3887
3904
3885
3902
3883
3885
3881
3883
3879
3881
3877
3894
3875
3892
3873
3875
3871
3873
3869
3871
3867
3884
3865
3882
3863
3865
3861
3863
3859
3861
3857
3874
3855
3872
3853
3855
3851
3853
3849
3851
3847
3864
3845
3862
3843
3845
3841
3843
3839
3841
3837
3854
3835
3852
3833
3835
3831
3833
3829
3831
3827
3844
3825
3842
3823
3825
3821
3823
3819
3821
3817
3834
3815
3832
3813
3815
3811
3813
3809
3811
3807
3824
3805
3822
3803
3805
3801
3803
3799
3801
3797
3814
3795
3812
3793
3795
3791
3793
3789
3791
3787
3804
3785
3802
3783
3785
3781
3783
3779
3781
3777
3794
3775
3792
3773
3775
3771
3773
3769
3771
3767
3784
3765
3782
3763
3765
3761
3763
3759
3761
3757
3774
3755
3772
3753
3755
3751
3753
3749
3751
3747
3764
3745
3762
3743
3745
3741
3743
3739
3741
3737
3754
3735
3752
3733
3735
3731
3733
3729
3731
3727
3744
3725
3742
3723
3725
3721
3723
3719
3721
3717
3734
3715
3732
3713
3715
3711
3713
3709
3711
3707
3724
3705
3722
3703
3705
3701
3703
3699
3701
3697
3714
3695
3712
3693
3695
3691
3693
3689
3691
3687
3704
3685
3702
3683
3685
3681
3683
3679
3681
3677
3694
3675
3692
3673
3675
3671
3673
3669
3671
3667
3684
3665
3682
3663
3665
3661
3663
3659
3661
3657
3674
3655
3672
3653
3655
3651
3653
3649
3651
3647
3664
3645
3662
3643
3645
3641
3643
3639
3641
3637
3654
3635
3652
3633
3635
3631
3633
3629
3631
3627
3644
3625
3642
3623
3625
3621
3623
3619
3621
3617
3634
3615
3632
3613
3615
3611
3613
3609
3611
3607
3624
3605
3622
3603
3605
3601
3603
3599
3601
3597
3614
3595
3612
3593
3595
3591
3593
3589
3591
3587
3604
3585
3602
3583
3585
3581
3583
3579
3581
3577
3594
3575
3592
3573
3575
3571
3573
3569
3571
3567
3584
3565
3582
3563
3565
3561
3563
3559
3561
3557
3574
3555
3572
3553
3555
3551
3553
3549
3551
3547
3564
3545
3562
3543
3545
3541
3543
3539
3541
3537
3554
3535
3552
3533
3535
3531
3533
3529
3531
3527
3544
3525
3542
3523
3525
3521
3523
3519
3521
3517
3534
3515
3532
3513
3515
3511
3513
3509
3511
3507
3524
3505
3522
3503
3505
3501
3503
3499
3501
3497
3514
3495
3512
3493
3495
3491
3493
3489
3491
3487
3504
3485
3502
3483
3485
3481
3483
3479
3481
3477
3494
3475
3492
3473
3475
3471
3473
3469
3471
3467
3484
3465
3482
3463
3465
3461
3463
3459
3461
3457
3474
3455
3472
3453
3455
3451
3453
3449
3451
3447
3464
3445
3462
3443
3445
3441
3443
3439
3441
3437
3454
3435
3452
3433
3435
3431
3433
3429
3431
3427
3444
3425
3442
3423
3425
3421
3423
3419
3421
3417
3434
3415
3432
3413
3415
3411
3413
3409
3411
3407
3424
3405
3422
3403
3405
3401
3403
3399
3401
3397
3414
3395
3412
3393
3395
3391
3393
3389
3391
3387
3404
3385
3402
3383
3385
3381
3383
3379
3381
3377
3394
3375
3392
3373
3375
3371
3373
3369
3371
3367
3384
3365
3382
3363
3365
3361
3363
3359
3361
3357
3374
3355
3372
3353
3355
3351
3353
3349
3351
3347
3364
3345
3362
3343
3345
3341
3343
3339
3341
3337
3354
3335
3352
3333
3335
3331
3333
3329
3331
3327
3344
3325
3342
3323
3325
3321
3323
3319
3321
3317
3334
3315
3332
3313
3315
3311
3313
3309
3311
3307
3324
3305
3322
3303
3305
3301
3303
3299
3301
3297
3314
3295
3312
3293
3295
3291
3293
3289
3291
3287
3304
3285
3302
3283
3285
3281
3283
3279
3281
3277
3294
3275
3292
3273
3275
3271
3273
3269
3271
3267
3284
3265
3282
3263
3265
3261
3263
3259
3261
3257
3274
3255
3272
3253
3255
3251
3253
3249
3251
3247
3264
3245
3262
3243
3245
3241
3243
3239
3241
3237
3254
3235
3252
3233
3235
3231
3233
3229
3231
3227
3244
3225
3242
3223
3225
3221
3223
3219
3221
3217
3234
3215
3232
3213
3215
3211
3213
3209
3211
3207
3224
3205
3222
3203
3205
3201
3203
3199
3201
3197
3214
3195
3212
3193
3195
3191
3193
3189
3191
3187
3204
3185
3202
3183
3185
3181
3183
3179
3181
3177
3194
3175
3192
3173
3175
3171
3173
3169
3171
3167
3184
3165
3182
3163
3165
3161
3163
3159
3161
3157
3174
3155
3172
3153
3155
3151
3153
3149
3151
3147
3164
3145
3162
3143
3145
3141
3143
3139
3141
3137
3154
3135
3152
3133
3135
3131
3133
3129
3131
3127
3144
3125
3142
3123
3125
3121
3123
3119
3121
3117
3134
3115
3132
3113
3115
3111
3113
3109
3111
3107
3124
3105
3122
3103
3105
3101
3103
3099
3101
3097
3114
3095
3112
3093
3095
3091
3093
3089
3091
3087
3104
3085
3102
3083
3085
3081
3083
3079
3081
3077
3094
3075
3092
3073
3075
3071
3073
3069
3071
3067
3084
3065
3082
3063
3065
3061
3063
3059
3061
3057
3074
3055
3072
3053
3055
3051
3053
3049
3051
3047
3064
3045
3062
3043
3045
3041
3043
3039
3041
3037
3054
3035
3052
3033
3035
3031
3033
3029
3031
3027
3044
3025
3042
3023
3025
3021
3023
3019
3021
3017
3034
3015
3032
3013
3015
3011
3013
3009
3011
3007
3024
3005
3022
3003
3005
3001
3003
2999
3001
2997
3014
2995
3012
2993
2995
2991
2993
2989
2991
2987
3004
2985
3002
2983
2985
2981
2983
2979
2981
2977
2994
2975
2992
2973
2975
2971
2973
2969
2971
2967
2984
2965
2982
2963
2965
2961
2963
2959
2961
2957
2974
2955
2972
2953
2955
2951
2953
2949
2951
2947
2964
2945
2962
2943
2945
2941
2943
2939
2941
2937
2954
2935
2952
2933
2935
2931
2933
2929
2931
2927
2944
2925
2942
2923
2925
2921
2923
2919
2921
2917
2934
2915
2932
2913
2915
2911
2913
2909
2911
2907
2924
2905
2922
2903
2905
2901
2903
2899
2901
2897
2914
2895
2912
2893
2895
2891
2893
2889
2891
2887
2904
2885
2902
2883
2885
2881
2883
2879
2881
2877
2894
2875
2892
2873
2875
2871
2873
2869
2871
2867
2884
2865
2882
2863
2865
2861
2863
2859
2861
2857
2874
2855
2872
2853
2855
2851
2853
2849
2851
2847
2864
2845
2862
2843
2845
2841
2843
2839
2841
2837
2854
2835
2852
2833
2835
2831
2833
2829
2831
2827
2844
2825
2842
2823
2825
2821
2823
2819
2821
2817
2834
2815
2832
2813
2815
2811
2813
2809
2811
2807
2824
2805
2822
2803
2805
2801
2803
2799
2801
2797
2814
2795
2812
2793
2795
2791
2793
2789
2791
2787
2804
2785
2802
2783
2785
2781
2783
2779
2781
2777
2794
2775
2792
2773
2775
2771
2773
2769
2771
2767
2784
2765
2782
2763
2765
2761
2763
2759
2761
2757
2774
2755
2772
2753
2755
2751
2753
2749
2751
2747
2764
2745
2762
2743
2745
2741
2743
2739
2741
2737
2754
2735
2752
2733
2735
2731
2733
2729
2731
2727
2744
2725
2742
2723
2725
2721
2723
2719
2721
2717
2734
2715
2732
2713
2715
2711
2713
2709
2711
2707
2724
2705
2722
2703
2705
2701
2703
2699
2701
2697
2714
2695
2712
2693
2695
2691
2693
2689
2691
2687
2704
2685
2702
2683
2685
2681
2683
2679
2681
2677
2694
2675
2692
2673
2675
2671
2673
2669
2671
2667
2684
2665
2682
2663
2665
2661
2663
2659
2661
2657
2674
2655
2672
2653
2655
2651
2653
2649
2651
2647
2664
2645
2662
2643
2645
2641
2643
2639
2641
2637
2654
2635
2652
2633
2635
2631
2633
2629
2631
2627
2644
2625
2642
2623
2625
2621
2623
2619
2621
2617
2634
2615
2632
2613
2615
2611
2613
2609
2611
2607
2624
2605
2622
2603
2605
2601
2603
2599
2601
2597
2614
2595
2612
2593
2595
2591
2593
2589
2591
2587
2604
2585
2602
2583
2585
2581
2583
2579
2581
2577
2594
2575
2592
2573
2575
2571
2573
2569
2571
2567
2584
2565
2582
2563
2565
2561
2563
2559
2561
2557
2574
2555
2572
2553
2555
2551
2553
2549
2551
2547
2564
2545
2562
2543
2545
2541
2543
2539
2541
2537
2554
2535
2552
2533
2535
2531
2533
2529
2531
2527
2544
2525
2542
2523
2525
2521
2523
2519
2521
2517
2534
2515
2532
2513
2515
2511
2513
2509
2511
2507
2524
2505
2522
2503
2505
2501
2503
2499
2501
2497
2514
2495
2512
2493
2495
2491
2493
2489
2491
2487
2504
2485
2502
2483
2485
2481
2483
2479
2481
2477
2494
2475
2492
2473
2475
2471
2473
2469
2471
2467
2484
2465
2482
2463
2465
2461
2463
2459
2461
2457
2474
2455
2472
2453
2455
2451
2453
2449
2451
2447
2464
2445
2462
2443
2445
2441
2443
2439
2441
2437
2454
2435
2452
2433
2435
2431
2433
2429
2431
2427
2444
2425
2442
2423
2425
2421
2423
2419
2421
2417
2434
2415
2432
2413
2415
2411
2413
2409
2411
2407
2424
2405
2422
2403
2405
2401
2403
2399
2401
2397
2414
2395
2412
2393
2395
2391
2393
2389
2391
2387
2404
2385
2402
2383
2385
2381
2383
2379
2381
2377
2394
2375
2392
2373
2375
2371
2373
2369
2371
2367
2384
2365
2382
2363
2365
2361
2363
2359
2361
2357
2374
2355
2372
2353
2355
2351
2353
2349
2351
2347
2364
2345
2362
2343
2345
2341
2343
2339
2341
2337
2354
2335
2352
2333
2335
2331
2333
2329
2331
2327
2344
2325
2342
2323
2325
2321
2323
2319
2321
2317
2334
2315
2332
2313
2315
2311
2313
2309
2311
2307
2324
2305
2322
2303
2305
2301
2303
2299
2301
2297
2314
2295
2312
2293
2295
2291
2293
2289
2291
2287
2304
2285
2302
2283
2285
2281
2283
2279
2281
2277
2294
2275
2292
2273
2275
2271
2273
2269
2271
2267
2284
2265
2282
2263
2265
2261
2263
2259
2261
2257
2274
2255
2272
2253
2255
2251
2253
2249
2251
2247
2264
2245
2262
2243
2245
2241
2243
2239
2241
2237
2254
2235
2252
2233
2235
2231
2233
2229
2231
2227
2244
2225
2242
2223
2225
2221
2223
2219
2221
2217
2234
2215
2232
2213
2215
2211
2213
2209
2211
2207
2224
2205
2222
2203
2205
2201
2203
2199
2201
2197
2214
2195
2212
2193
2195
2191
2193
2189
2191
2187
2204
2185
2202
2183
2185
2181
2183
2179
2181
2177
2194
2175
2192
2173
2175
2171
2173
2169
2171
2167
2184
2165
2182
2163
2165
2161
2163
2159
2161
2157
2174
2155
2172
2153
2155
2151
2153
2149
2151
2147
2164
2145
2162
2143
2145
2141
2143
2139
2141
2137
2154
2135
2152
2133
2135
2131
2133
2129
2131
2127
2144
2125
2142
2123
2125
2121
2123
2119
2121
2117
2134
2115
2132
2113
2115
2111
2113
2109
2111
2107
2124
2105
2122
2103
2105
2101
2103
2099
2101
2097
2114
2095
2112
2093
2095
2091
2093
2089
2091
2087
2104
2085
2102
2083
2085
2081
2083
2079
2081
2077
2094
2075
2092
2073
2075
2071
2073
2069
2071
2067
2084
2065
2082
2063
2065
2061
2063
2059
2061
2057
2074
2055
2072
2053
2055
2051
2053
2049
2051
2047
2064
2045
2062
2043
2045
2041
2043
2039
2041
2037
2054
2035
2052
2033
2035
2031
2033
2029
2031
2027
2044
2025
2042
2023
2025
2021
2023
2019
2021
2017
2034
2015
2032
2013
2015
2011
2013
2009
2011
2007
2024
2005
2022
2003
2005
2001
2003
1999
2001
1997
2014
1995
2012
1993
1995
1991
1993
1989
1991
1987
2004
1985
2002
1983
1985
1981
1983
1979
1981
1977
1994
1975
1992
1973
1975
1971
1973
1969
1971
1967
1984
1965
1982
1963
1965
1961
1963
1959
1961
1957
1974
1955
1972
1953
1955
1951
1953
1949
1951
1947
1964
1945
1962
1943
1945
1941
1943
1939
1941
1937
1954
1935
1952
1933
1935
1931
1933
1929
1931
1927
1944
1925
1942
1923
1925
1921
1923
1919
1921
1917
1934
1915
1932
1913
1915
1911
1913
1909
1911
1907
1924
1905
1922
1903
1905
1901
1903
1899
1901
1897
1914
1895
1912
1893
1895
1891
1893
1889
1891
1887
1904
1885
1902
1883
1885
1881
1883
1879
1881
1877
1894
1875
1892
1873
1875
1871
1873
1869
1871
1867
1884
1865
1882
1863
1865
1861
1863
1859
1861
1857
1874
1855
1872
1853
1855
1851
1853
1849
1851
1847
1864
1845
1862
1843
1845
1841
1843
1839
1841
1837
1854
1835
1852
1833
1835
1831
1833
1829
1831
1827
1844
1825
1842
1823
1825
1821
1823
1819
1821
1817
1834
1815
1832
1813
1815
1811
1813
1809
1811
1807
1824
1805
1822
1803
1805
1801
1803
1799
1801
1797
1814
1795
1812
1793
1795
1791
1793
1789
1791
1787
1804
1785
1802
1783
1785
1781
1783
1779
1781
1777
1794
1775
1792
1773
1775
1771
1773
1769
1771
1767
1784
1765
1782
1763
1765
1761
1763
1759
1761
1757
1774
1755
1772
1753
1755
1751
1753
1749
1751
1747
1764
1745
1762
1743
1745
1741
1743
1739
1741
1737
1754
1735
1752
1733
1735
1731
1733
1729
1731
1727
1744
1725
1742
1723
1725
1721
1723
1719
1721
1717
1734
1715
1732
1713
1715
1711
1713
1709
1711
1707
1724
1705
1722
1703
1705
1701
1703
1699
1701
1697
1714
1695
1712
1693
1695
1691
1693
1689
1691
1687
1704
1685
1702
1683
1685
1681
1683
1679
1681
1677
1694
1675
1692
1673
1675
1671
1673
1669
1671
1667
1684
1665
1682
1663
1665
1661
1663
1659
1661
1657
1674
1655
1672
1653
1655
1651
1653
1649
1651
1647
1664
1645
1662
1643
1645
1641
1643
1639
1641
1637
1654
1635
1652
1633
1635
1631
1633
1629
1631
1627
1644
1625
1642
1623
1625
1621
1623
1619
1621
1617
1634
1615
1632
1613
1615
1611
1613
1609
1611
1607
1624
1605
1622
1603
1605
1601
1603
1599
1601
1597
1614
1595
1612
1593
1595
1591
1593
1589
1591
1587
1604
1585
1602
1583
1585
1581
1583
1579
1581
1577
1594
1575
1592
1573
1575
1571
1573
1569
1571
1567
1584
1565
1582
1563
1565
1561
1563
1559
1561
1557
1574
1555
1572
1553
1555
1551
1553
1549
1551
1547
1564
1545
1562
1543
1545
1541
1543
1539
1541
1537
1554
1535
1552
1533
1535
1531
1533
1529
1531
1527
1544
1525
1542
1523
1525
1521
1523
1519
1521
1517
1534
1515
1532
1513
1515
1511
1513
1509
1511
1507
1524
1505
1522
1503
1505
1501
1503
1499
1501
1497
1514
1495
1512
1493
1495
1491
1493
1489
1491
1487
1504
1485
1502
1483
1485
1481
1483
1479
1481
1477
1494
1475
1492
1473
1475
1471
1473
1469
1471
1467
1484
1465
1482
1463
1465
1461
1463
1459
1461
1457
1474
1455
1472
1453
1455
1451
1453
1449
1451
1447
1464
1445
1462
1443
1445
1441
1443
1439
1441
1437
1454
1435
1452
1433
1435
1431
1433
1429
1431
1427
1444
1425
1442
1423
1425
1421
1423
1419
1421
1417
1434
1415
1432
1413
1415
1411
1413
1409
1411
1407
1424
1405
1422
1403
1405
1401
1403
1399
1401
1397
1414
1395
1412
1393
1395
1391
1393
1389
1391
1387
1404
1385
1402
1383
1385
1381
1383
1379
1381
1377
1394
1375
1392
1373
1375
1371
1373
1369
1371
1367
1384
1365
1382
1363
1365
1361
1363
1359
1361
1357
1374
1355
1372
1353
1355
1351
1353
1349
1351
1347
1364
1345
1362
1343
1345
1341
1343
1339
1341
1337
1354
1335
1352
1333
1335
1331
1333
1329
1331
1327
1344
1325
1342
1323
1325
1321
1323
1319
1321
1317
1334
1315
1332
1313
1315
1311
1313
1309
1311
1307
1324
1305
1322
1303
1305
1301
1303
1299
1301
1297
1314
1295
1312
1293
1295
1291
1293
1289
1291
1287
1304
1285
1302
1283
1285
1281
1283
1279
1281
1277
1294
1275
1292
1273
1275
1271
1273
1269
1271
1267
1284
1265
1282
1263
1265
1261
1263
1259
1261
1257
1274
1255
1272
1253
1255
1251
1253
1249
1251
1247
1264
1245
1262
1243
1245
1241
1243
1239
1241
1237
1254
1235
1252
1233
1235
1231
1233
1229
1231
1227
1244
1225
1242
1223
1225
1221
1223
1219
1221
1217
1234
1215
1232
1213
1215
1211
1213
1209
1211
1207
1224
1205
1222
1203
1205
1201
1203
1199
1201
1197
1214
1195
1212
1193
1195
1191
1193
1189
1191
1187
1204
1185
1202
1183
1185
1181
1183
1179
1181
1177
1194
1175
1192
1173
1175
1171
1173
1169
1171
1167
1184
1165
1182
1163
1165
1161
1163
1159
1161
1157
1174
1155
1172
1153
1155
1151
1153
1149
1151
1147
1164
1145
1162
1143
1145
1141
1143
1139
1141
1137
1154
1135
1152
1133
1135
1131
1133
1129
1131
1127
1144
1125
1142
1123
1125
1121
1123
1119
1121
1117
1134
1115
1132
1113
1115
1111
1113
1109
1111
1107
1124
1105
1122
1103
1105
1101
1103
1099
1101
1097
1114
1095
1112
1093
1095
1091
1093
1089
1091
1087
1104
1085
1102
1083
1085
1081
1083
1079
1081
1077
1094
1075
1092
1073
1075
1071
1073
1069
1071
1067
1084
1065
1082
1063
1065
1061
1063
1059
1061
1057
1074
1055
1072
1053
1055
1051
1053
1049
1051
1047
1064
1045
1062
1043
1045
1041
1043
1039
1041
1037
1054
1035
1052
1033
1035
1031
1033
1029
1031
1027
1044
1025
1042
1023
1025
1021
1023
1019
1021
1017
1034
1015
1032
1013
1015
1011
1013
1009
1011
1007
1024
1005
1022
1003
1005
1001
1003
999
1001
997
1014
995
1012
993
995
991
993
989
991
987
1004
985
1002
983
985
981
983
979
981
977
994
975
992
973
975
971
973
969
971
967
984
965
982
963
965
961
963
959
961
957
974
955
972
953
955
951
953
949
951
947
964
945
962
943
945
941
943
939
941
937
954
935
952
933
935
931
933
929
931
927
944
925
942
923
925
921
923
919
921
917
934
915
932
913
915
911
913
909
911
907
924
905
922
903
905
901
903
899
901
897
914
895
912
893
895
891
893
889
891
887
904
885
902
883
885
881
883
879
881
877
894
875
892
873
875
871
873
869
871
867
884
865
882
863
865
861
863
859
861
857
874
855
872
853
855
851
853
849
851
847
864
845
862
843
845
841
843
839
841
837
854
835
852
833
835
831
833
829
831
827
844
825
842
823
825
821
823
819
821
817
834
815
832
813
815
811
813
809
811
807
824
805
822
803
805
801
803
799
801
797
814
795
812
793
795
791
793
789
791
787
804
785
802
783
785
781
783
779
781
777
794
775
792
773
775
771
773
769
771
767
784
765
782
763
765
761
763
759
761
757
774
755
772
753
755
751
753
749
751
747
764
745
762
743
745
741
743
739
741
737
754
735
752
733
735
731
733
729
731
727
744
725
742
723
725
721
723
719
721
717
734
715
732
713
715
711
713
709
711
707
724
705
722
703
705
701
703
699
701
697
714
695
712
693
695
691
693
689
691
687
704
685
702
683
685
681
683
679
681
677
694
675
692
673
675
671
673
669
671
667
684
665
682
663
665
661
663
659
661
657
674
655
672
653
655
651
653
649
651
647
664
645
662
643
645
641
643
639
641
637
654
635
652
633
635
631
633
629
631
627
644
625
642
623
625
621
623
619
621
617
634
615
632
613
615
611
613
609
611
607
624
605
622
603
605
601
603
599
601
597
614
595
612
593
595
591
593
589
591
587
604
585
602
583
585
581
583
579
581
577
594
575
592
573
575
571
573
569
571
567
584
565
582
563
565
561
563
559
561
557
574
555
572
553
555
551
553
549
551
547
564
545
562
543
545
541
543
539
541
537
554
535
552
533
535
531
533
529
531
527
544
525
542
523
525
521
523
519
521
517
534
515
532
513
515
511
513
509
511
507
524
505
522
503
505
501
503
499
501
497
514
495
512
493
495
491
493
489
491
487
504
485
502
483
485
481
483
479
481
477
494
475
492
473
475
471
473
469
471
467
484
465
482
463
465
461
463
459
461
457
474
455
472
453
455
451
453
449
451
447
464
445
462
443
445
441
443
439
441
437
454
435
452
433
435
431
433
429
431
427
444
425
442
423
425
421
423
419
421
417
434
415
432
413
415
411
413
409
411
407
424
405
422
403
405
401
403
399
401
397
414
395
412
393
395
391
393
389
391
387
404
385
402
383
385
381
383
379
381
377
394
375
392
373
375
371
373
369
371
367
384
365
382
363
365
361
363
359
361
357
374
355
372
353
355
351
353
349
351
347
364
345
362
343
345
341
343
339
341
337
354
335
352
333
335
331
333
329
331
327
344
325
342
323
325
321
323
319
321
317
334
315
332
313
315
311
313
309
311
307
324
305
322
303
305
301
303
299
301
297
314
295
312
293
295
291
293
289
291
287
304
285
302
283
285
281
283
279
281
277
294
275
292
273
275
271
273
269
271
267
284
265
282
263
265
261
263
259
261
257
274
255
272
253
255
251
253
249
251
247
264
245
262
243
245
241
243
239
241
237
254
235
252
233
235
231
233
229
231
227
244
225
242
223
225
221
223
219
221
217
234
215
232
213
215
211
213
209
211
207
224
205
222
203
205
201
203
199
201
197
214
195
212
193
195
191
193
189
191
187
204
185
202
183
185
181
183
179
181
177
194
175
192
173
175
171
173
169
171
167
184
165
182
163
165
161
163
159
161
157
174
155
172
153
155
151
153
149
151
147
164
145
162
143
145
141
143
139
141
137
154
135
152
133
135
131
133
129
131
127
144
125
142
123
125
121
123
119
121
117
134
115
132
113
115
111
113
109
111
107
124
105
122
103
105
101
103
99
101
97
114
95
112
93
95
91
93
89
91
87
104
85
102
83
85
81
83
79
81
77
94
75
92
73
75
71
73
69
71
67
84
65
82
63
65
61
63
59
61
57
79
55
77
53
76
169
50
167
48
50
46
48
44
46
42
159
40
157
38
40
36
38
34
36
32
49
30
47
28
30
26
28
24
26
22
39
20
37
18
20
16
18
14
16
12
29
10
27
8
10
6
8
4
6
2
