Filename: rev2K.dat

Sorted Data
1
4
9
11
26
28
132
136
144
145
151
152
231
233
240
247
249
449
453
455
467
468
469
1978
1977
1976
1975
1974
1973
1972
1971
1970
1969
1968
1967
1966
1965
1964
1963
1962
1961
1960
1959
1958
1957
1956
1955
1954
1953
1952
1951
1950
1949
1948
1947
1946
1945
1944
1943
1942
1941
1940
1939
1938
1940
1936
1938
1934
1936
1932
1934
1930
1932
1928
1930
1926
1928
1924
1926
1922
1924
1920
1922
1918
1920
1916
1918
1914
1916
1912
1914
1910
1912
1908
1910
1906
1908
1904
1906
1902
1904
1900
1902
1898
1900
1896
1898
1894
1896
1892
1894
1890
1892
1888
1890
1886
1888
1884
1886
1882
1884
1880
1882
1878
1880
1876
1878
1874
1876
1872
1881
1870
1879
1868
1870
1866
1868
1864
1866
1862
1871
1860
1869
1858
1860
1856
1858
1854
1856
1852
1861
1850
1859
1848
1850
1846
1848
1844
1846
1842
1851
1840
1849
1838
1840
1836
1838
1834
1836
1832
1841
1830
1839
1828
1830
1826
1828
1824
1826
1822
1831
1820
1829
1818
1820
1816
1818
1814
1816
1812
1821
1810
1819
1808
1810
1806
1808
1804
1806
1802
1811
1800
1809
1798
1800
1796
1798
1794
1796
1792
1806
1790
1818
1788
1816
1786
1788
1784
1786
1782
1784
1780
1808
1778
1787
1776
1778
1774
1776
1772
1774
1770
1779
1768
1777
1766
1768
1764
1766
1762
1764
1760
1774
1758
1772
1756
1784
1754
1782
1752
1754
1750
1752
1748
1750
1746
1774
1744
1753
1742
1744
1740
1742
1738
1740
1736
1745
1734
1743
1732
1734
1730
1732
1728
1730
1726
1740
1724
1738
1722
1750
1720
1748
1718
1720
1716
1718
1714
1716
1712
1740
1710
1719
1708
1710
1706
1708
1704
1706
1702
1711
1700
1709
1698
1700
1696
1698
1694
1696
1692
1706
1690
1704
1688
1716
1686
1714
1684
1686
1682
1684
1680
1682
1678
1706
1676
1685
1674
1676
1672
1674
1670
1672
1668
1677
1666
1675
1664
1666
1662
1664
1660
1662
1658
1672
1656
1670
1654
1682
1652
1680
1650
1652
1648
1650
1646
1648
1644
1672
1642
1651
1640
1642
1638
1640
1636
1638
1634
1643
1632
1641
1630
1632
1628
1630
1626
1628
1624
1638
1622
1636
1620
1648
1618
1646
1616
1618
1614
1616
1612
1614
1610
1638
1608
1617
1606
1608
1604
1606
1602
1604
1600
1609
1598
1607
1596
1598
1594
1596
1592
1594
1590
1604
1588
1602
1586
1614
1584
1612
1582
1584
1580
1582
1578
1580
1576
1604
1574
1583
1572
1574
1570
1572
1568
1570
1566
1575
1564
1573
1562
1564
1560
1562
1558
1560
1556
1570
1554
1568
1552
1580
1550
1578
1548
1550
1546
1548
1544
1546
1542
1570
1540
1549
1538
1540
1536
1538
1534
1536
1532
1541
1530
1539
1528
1530
1526
1528
1524
1526
1522
1536
1520
1534
1518
1546
1516
1544
1514
1516
1512
1514
1510
1512
1508
1536
1506
1515
1504
1506
1502
1504
1500
1502
1498
1507
1496
1505
1494
1496
1492
1494
1490
1492
1488
1502
1486
1500
1484
1512
1482
1510
1480
1482
1478
1480
1476
1478
1474
1502
1472
1481
1470
1472
1468
1470
1466
1468
1464
1473
1462
1471
1460
1462
1458
1460
1456
1458
1454
1468
1452
1466
1450
1478
1448
1476
1446
1448
1444
1446
1442
1444
1440
1468
1438
1447
1436
1438
1434
1436
1432
1434
1430
1439
1428
1437
1426
1428
1424
1426
1422
1424
1420
1434
1418
1432
1416
1444
1414
1442
1412
1414
1410
1412
1408
1410
1406
1434
1404
1413
1402
1404
1400
1402
1398
1400
1396
1405
1394
1403
1392
1394
1390
1392
1388
1390
1386
1400
1384
1398
1382
1410
1380
1408
1378
1380
1376
1378
1374
1376
1372
1400
1370
1379
1368
1370
1366
1368
1364
1366
1362
1371
1360
1369
1358
1360
1356
1358
1354
1356
1352
1366
1350
1364
1348
1376
1346
1374
1344
1346
1342
1344
1340
1342
1338
1366
1336
1345
1334
1336
1332
1334
1330
1332
1328
1337
1326
1335
1324
1326
1322
1324
1320
1322
1318
1332
1316
1330
1314
1342
1312
1340
1310
1312
1308
1310
1306
1308
1304
1332
1302
1311
1300
1302
1298
1300
1296
1298
1294
1303
1292
1301
1290
1292
1288
1290
1286
1288
1284
1298
1282
1296
1280
1308
1278
1306
1276
1278
1274
1276
1272
1274
1270
1298
1268
1277
1266
1268
1264
1266
1262
1264
1260
1269
1258
1267
1256
1258
1254
1256
1252
1254
1250
1264
1248
1262
1246
1274
1244
1272
1242
1244
1240
1242
1238
1240
1236
1264
1234
1243
1232
1234
1230
1232
1228
1230
1226
1235
1224
1233
1222
1224
1220
1222
1218
1220
1216
1230
1214
1228
1212
1240
1210
1238
1208
1210
1206
1208
1204
1206
1202
1230
1200
1209
1198
1200
1196
1198
1194
1196
1192
1201
1190
1199
1188
1190
1186
1188
1184
1186
1182
1196
1180
1194
1178
1206
1176
1204
1174
1176
1172
1174
1170
1172
1168
1196
1166
1175
1164
1166
1162
1164
1160
1162
1158
1167
1156
1165
1154
1156
1152
1154
1150
1152
1148
1162
1146
1160
1144
1172
1142
1170
1140
1142
1138
1140
1136
1138
1134
1162
1132
1141
1130
1132
1128
1130
1126
1128
1124
1133
1122
1131
1120
1122
1118
1120
1116
1118
1114
1128
1112
1126
1110
1138
1108
1136
1106
1108
1104
1106
1102
1104
1100
1128
1098
1107
1096
1098
1094
1096
1092
1094
1090
1099
1088
1097
1086
1088
1084
1086
1082
1084
1080
1094
1078
1092
1076
1104
1074
1102
1072
1074
1070
1072
1068
1070
1066
1094
1064
1073
1062
1064
1060
1062
1058
1060
1056
1065
1054
1063
1052
1054
1050
1052
1048
1050
1046
1060
1044
1058
1042
1070
1040
1068
1038
1040
1036
1038
1034
1036
1032
1060
1030
1039
1028
1030
1026
1028
1024
1026
1022
1031
1020
1029
1018
1020
1016
1018
1014
1016
1012
1026
1010
1024
1008
1036
1006
1034
1004
1006
1002
1004
1000
1002
998
1026
996
1005
994
996
992
994
990
992
988
997
986
995
984
986
982
984
980
982
978
992
976
990
974
1002
972
1000
970
972
968
970
966
968
964
992
962
971
960
962
958
960
956
958
954
963
952
961
950
952
948
950
946
948
944
958
942
956
940
968
938
966
936
938
934
936
932
934
930
958
928
937
926
928
924
926
922
924
920
929
918
927
916
918
914
916
912
914
910
924
908
922
906
934
904
932
902
904
900
902
898
900
896
924
894
903
892
894
890
892
888
890
886
895
884
893
882
884
880
882
878
880
876
890
874
888
872
900
870
898
868
870
866
868
864
866
862
890
860
869
858
860
856
858
854
856
852
861
850
859
848
850
846
848
844
846
842
856
840
854
838
866
836
864
834
836
832
834
830
832
828
856
826
835
824
826
822
824
820
822
818
827
816
825
814
816
812
814
810
812
808
822
806
820
804
832
802
830
800
802
798
800
796
798
794
822
792
801
790
792
788
790
786
788
784
793
782
791
780
782
778
780
776
778
774
788
772
786
770
798
768
796
766
768
764
766
762
764
760
788
758
767
756
758
754
756
752
754
750
759
748
757
746
748
744
746
742
744
740
754
738
752
736
764
734
762
732
734
730
732
728
730
726
754
724
733
722
724
720
722
718
720
716
725
714
723
712
714
710
712
708
710
706
720
704
718
702
730
700
728
698
700
696
698
694
696
692
720
690
699
688
690
686
688
684
686
682
691
680
689
678
680
676
678
674
676
672
686
670
684
668
696
666
694
664
666
662
664
660
662
658
686
656
665
654
656
652
654
650
652
648
657
646
655
644
646
642
644
640
642
638
652
636
650
634
662
632
660
630
632
628
630
626
628
624
652
622
631
620
622
618
620
616
618
614
623
612
621
610
612
608
610
606
608
604
618
602
616
600
628
598
626
596
598
594
596
592
594
590
618
588
597
586
588
584
586
582
584
580
589
578
587
576
578
574
576
572
574
570
584
568
582
566
594
564
592
562
564
560
562
558
560
556
584
554
563
552
554
550
552
548
550
546
555
544
553
542
544
540
542
538
540
536
550
534
548
532
560
530
558
528
530
526
528
524
526
522
550
520
529
518
520
516
518
514
516
512
521
510
519
508
510
506
508
504
506
502
516
500
514
498
526
496
524
494
496
492
494
490
492
488
516
486
495
484
486
482
484
480
482
478
487
476
485
474
476
472
474
470
472
468
482
466
480
464
492
462
490
460
462
458
460
456
458
454
482
452
461
450
452
448
450
446
448
444
453
442
451
440
442
438
440
436
438
434
448
432
446
430
458
428
456
426
428
424
426
422
424
420
448
418
427
416
418
414
416
412
414
410
419
408
417
406
408
404
406
402
404
400
414
398
412
396
424
394
422
392
394
390
392
388
390
386
414
384
393
382
384
380
382
378
380
376
385
374
383
372
374
370
372
368
370
366
380
364
378
362
390
360
388
358
360
356
358
354
356
352
380
350
359
348
350
346
348
344
346
342
351
340
349
338
340
336
338
334
336
332
346
330
344
328
356
326
354
324
326
322
324
320
322
318
363
316
325
314
316
312
314
310
312
308
317
306
320
304
306
302
305
430
299
440
297
438
295
297
293
295
291
293
289
298
287
433
285
287
283
286
577
280
575
278
280
276
278
274
276
272
567
270
279
268
270
266
268
264
266
262
271
260
269
258
260
256
258
254
256
252
266
250
264
248
276
246
274
244
246
242
244
240
242
238
266
236
245
234
236
232
234
230
232
228
237
226
235
224
226
222
224
220
222
218
232
216
230
214
242
212
240
210
212
208
210
206
208
204
232
202
211
200
202
198
200
196
198
194
203
192
201
190
192
188
190
186
188
184
198
182
196
180
230
178
228
176
524
174
522
172
174
170
172
168
170
166
514
164
173
162
164
160
162
158
160
156
165
154
163
152
154
150
152
148
150
146
160
144
158
142
507
140
281
138
140
136
138
134
137
1178
131
1176
129
131
127
129
125
127
123
1168
121
130
119
121
117
119
115
117
113
122
111
120
109
111
107
109
105
107
103
117
101
115
99
127
97
125
95
97
93
95
91
93
89
117
87
96
85
87
83
85
81
83
79
88
77
86
75
77
73
75
71
73
69
83
67
81
65
93
63
91
61
63
59
61
57
59
55
83
53
62
51
53
49
51
47
49
45
54
43
52
41
43
39
41
37
39
35
49
33
47
31
81
29
79
27
1125
25
1124
1127
22
24
20
23
1134
17
1132
15
17
13
15
11
13
9
18
7
21
5
7
3
6
