Filename: rev1K.dat

Sorted Data
1
11
41
61
71
71
995
994
993
992
991
990
989
988
987
986
985
984
983
982
981
980
979
978
977
976
975
974
973
972
971
970
969
968
967
966
965
964
963
962
961
960
959
958
957
956
955
954
953
952
951
950
949
948
947
946
945
944
943
942
949
940
947
938
945
936
943
934
941
932
939
930
937
928
935
926
933
924
931
922
929
920
927
918
925
916
923
914
921
912
919
910
917
908
915
906
913
904
911
902
909
900
907
898
905
896
903
894
901
892
899
890
897
888
895
886
893
884
891
882
899
880
897
878
895
876
893
874
891
872
879
870
877
868
875
866
873
864
871
862
879
860
877
858
875
856
873
854
871
852
859
850
857
848
855
846
853
844
851
842
859
840
857
838
855
836
853
834
851
832
839
830
837
828
835
826
833
824
831
822
839
820
837
818
835
816
833
814
831
812
819
810
817
808
815
806
813
804
811
802
819
800
817
798
815
796
813
794
811
792
799
790
797
788
795
786
793
784
791
782
799
780
797
778
795
776
793
774
791
772
779
770
777
768
775
766
773
764
771
762
779
760
777
758
775
756
773
754
771
752
759
750
757
748
755
746
753
744
751
742
759
740
757
738
755
736
753
734
751
732
739
730
737
728
735
726
733
724
731
722
739
720
737
718
735
716
733
714
731
712
719
710
717
708
715
706
713
704
711
702
719
700
717
698
715
696
713
694
711
692
699
690
697
688
695
686
693
684
691
682
699
680
697
678
695
676
693
674
691
672
679
670
677
668
675
666
673
664
671
662
679
660
677
658
675
656
673
654
671
652
659
650
657
648
655
646
653
644
651
642
659
640
657
638
655
636
653
634
651
632
639
630
637
628
635
626
633
624
631
622
639
620
637
618
635
616
633
614
631
612
619
610
617
608
615
606
613
604
611
602
619
600
617
598
615
596
613
594
611
592
599
590
597
588
595
586
593
584
591
582
599
580
597
578
595
576
593
574
591
572
579
570
577
568
575
566
573
564
571
562
579
560
577
558
575
556
573
554
571
552
559
550
557
548
555
546
553
544
551
542
559
540
557
538
555
536
553
534
551
532
539
530
537
528
535
526
533
524
531
522
539
520
537
518
535
516
533
514
531
512
519
510
517
508
515
506
513
504
511
502
519
500
517
498
515
496
513
494
511
492
499
490
497
488
495
486
493
484
491
482
499
480
497
478
495
476
493
474
491
472
479
470
477
468
475
466
473
464
471
462
479
460
477
458
475
456
473
454
471
452
459
450
457
448
455
446
453
444
451
442
459
440
457
438
455
436
453
434
451
432
439
430
437
428
435
426
433
424
431
422
439
420
437
418
435
416
433
414
431
412
419
410
417
408
415
406
413
404
411
402
419
400
417
398
415
396
413
394
411
392
399
390
397
388
395
386
393
384
391
382
399
380
397
378
395
376
393
374
391
372
379
370
377
368
375
366
373
364
371
362
379
360
377
358
375
356
373
354
371
352
359
350
357
348
355
346
353
344
351
342
359
340
357
338
355
336
353
334
351
332
339
330
337
328
335
326
333
324
331
322
339
320
337
318
335
316
333
314
331
312
319
310
317
308
315
306
313
304
311
302
319
300
317
298
315
296
313
294
311
292
299
290
297
288
295
286
293
284
291
282
299
280
297
278
295
276
293
274
291
272
279
270
277
268
275
266
273
264
271
262
279
260
277
258
275
256
273
254
271
252
259
250
257
248
255
246
253
244
251
242
259
240
257
238
255
236
253
234
251
232
239
230
237
228
235
226
233
224
231
222
239
220
237
218
235
216
233
214
231
212
219
210
217
208
215
206
213
204
211
202
219
200
217
198
215
196
213
194
211
192
199
190
197
188
195
186
193
184
191
182
199
180
197
178
195
176
193
174
191
172
179
170
177
168
175
166
173
164
171
162
179
160
177
158
175
156
173
154
171
152
159
150
157
148
155
146
153
144
151
142
159
140
157
138
155
136
153
134
151
132
139
130
137
128
135
126
133
124
131
122
139
120
137
118
135
116
133
114
131
112
119
110
117
108
115
106
113
104
111
102
119
100
117
98
115
96
113
94
111
92
99
90
97
88
95
86
93
84
91
82
99
80
97
78
95
76
93
74
91
72
79
70
77
68
75
66
73
64
71
62
79
60
77
58
75
56
73
54
71
52
59
50
57
48
55
46
53
44
51
42
59
40
57
38
55
36
53
34
51
32
39
30
37
28
35
26
33
24
31
22
39
20
37
18
35
16
33
14
31
12
19
10
17
8
15
6
13
4
11
2
