Filename: dup500.dat

Sorted Data
1
2
6
6
8
25
44
494
105
96
86
407
104
70
405
144
240
427
164
240
427
41
41
15
15
15
20
436
133
39
92
364
285
156
219
184
346
32
32
79
439
274
278
203
158
203
383
122
158
346
45
45
109
109
191
44
44
116
36
36
36
456
445
321
499
131
467
124
131
29
29
29
323
458
266
72
72
72
440
414
408
421
107
349
22
22
22
464
387
416
102
250
6
6
6
356
85
63
325
78
47
88
4
4
40
40
40
40
299
51
101
56
56
63
87
328
400
355
423
243
243
403
384
20
20
85
123
279
197
279
395
194
233
376
50
50
143
412
13
13
13
13
17
17
232
353
321
218
468
188
258
301
319
129
493
438
390
115
91
301
45
45
161
94
94
249
258
259
351
6
6
6
177
382
88
11
11
11
413
72
72
72
215
83
189
287
472
424
162
408
434
474
326
24
147
21
21
21
209
475
255
193
231
18
18
146
363
239
229
239
71
71
455
169
221
2
2
11
11
60
81
402
181
296
196
365
449
147
183
202
186
200
200
306
201
168
168
171
186
342
254
396
387
262
65
65
252
28
28
28
28
462
237
490
226
274
119
476
34
34
35
417
310
358
116
116
120
470
55
55
425
19
19
19
19
453
213
149
165
121
121
187
222
228
414
460
297
397
466
288
288
31
31
31
136
284
338
99
195
447
98
98
27
27
27
27
303
498
268
459
217
416
379
33
33
33
126
179
463
273
128
154
176
369
1
1
1
1
1
112
228
446
420
366
54
480
440
111
147
43
55
238
292
393
433
59
482
142
236
270
175
140
448
172
127
55
372
239
185
108
108
407
334
16
55
59
256
234
9
9
215
82
215
150
8
8
130
93
10
10
10
469
293
244
311
28
28
28
152
208
233
52
52
52
96
320
76
76
304
207
247
73
73
192
212
457
58
58
5
5
10
73
484
250
141
294
489
398
473
335
68
343
3
3
3
3
312
53
100
336
42
144
285
495
14
14
14
500
17
17
21
280
80
444
61
380
275
165
67
21
21
49
347
135
132
392
263
269
343
62
373
225
177
118
49
62
151
260
385
419
411
137
137
330
170
269
155
170
103
151
84
103
199
260
291
281
281
340
155
327
340
64
155
330
478
442
242
478
12
442
