Filename: dup500.dat

Sorted Data
1
1
1
1
11
264
386
494
105
96
86
407
104
70
405
144
240
427
164
361
481
41
26
15
16
18
206
436
133
39
92
364
285
156
219
184
346
32
43
214
439
274
278
203
158
425
383
122
367
220
45
362
109
167
191
44
90
116
36
36
45
456
445
321
499
131
467
124
248
29
29
45
323
458
266
72
72
283
440
414
408
421
107
349
22
22
443
464
387
416
102
250
6
6
348
356
85
63
325
78
47
88
4
4
4
375
252
69
299
51
101
56
345
487
87
87
400
355
423
243
331
403
384
20
20
497
123
123
197
391
395
194
227
376
50
279
143
188
13
13
313
203
357
106
106
353
321
218
468
188
232
301
319
129
188
438
390
115
91
106
45
45
161
94
359
249
354
259
351
6
6
6
177
382
88
11
45
110
413
72
401
426
215
83
83
287
472
424
162
189
434
474
326
24
110
21
21
374
209
475
255
193
231
18
18
21
363
239
229
245
71
221
455
169
239
2
2
24
28
33
160
402
181
296
196
365
449
147
183
202
186
200
211
306
201
168
168
204
404
342
254
396
387
262
65
65
252
28
28
28
454
462
237
490
226
274
119
476
34
34
313
417
310
358
116
309
120
125
55
310
425
19
19
31
79
453
213
149
165
121
198
187
222
479
414
460
297
397
466
288
267
31
31
350
136
284
338
99
195
447
98
136
27
27
27
450
303
498
268
459
217
416
379
33
33
37
126
179
463
273
128
154
176
369
1
1
81
389
153
112
228
446
420
366
54
153
440
111
228
43
43
43
292
393
433
59
482
142
236
270
175
140
448
172
127
55
175
239
185
108
127
407
334
16
55
108
256
234
9
9
215
82
224
150
8
8
8
8
10
95
315
469
293
244
311
28
28
352
152
208
233
52
76
394
96
320
76
308
304
207
247
73
76
192
308
457
58
95
5
5
82
430
484
250
141
294
489
398
473
335
68
192
3
3
3
465
312
53
100
336
42
144
285
495
14
360
451
500
17
17
17
280
80
444
61
380
275
165
67
21
21
21
347
135
132
392
263
269
343
62
373
225
177
118
49
49
151
260
385
419
411
137
139
151
170
260
155
336
103
225
84
103
235
471
291
281
327
340
155
177
490
64
155
324
478
442
242
419
12
490
