Filename: ran1K.dat

Sorted Data
3
3
13
4106
28
96
99
137
137
7639
9680
7581
8720
8055
8493
3603
1117
1782
2761
5549
7255
3770
4693
4543
6946
6999
581
1880
7979
3066
8193
5311
9089
1272
238
7412
716
7142
6093
4490
3246
6315
8978
9442
7420
4743
772
7025
6597
1134
1649
4965
5567
2584
6728
9339
5581
9326
6920
7674
311
9535
6164
8200
2413
137
137
311
5378
4544
3321
3340
367
367
367
1075
2715
8324
7568
3818
7789
7419
7693
8044
889
889
5233
8143
878
878
2009
4984
2235
176
176
176
194
194
2913
5183
8757
6096
3210
6553
5994
2853
2853
3210
6770
6091
13
13
126
7735
735
8739
307
6124
8136
6275
8949
4201
6503
2372
3260
2751
2507
8800
4752
4651
703
7555
283
1043
9781
3668
6083
5378
6778
4477
6439
6273
1423
3798
6747
5115
7805
4439
5597
9342
5551
7492
5591
7349
7710
1838
7583
5958
7516
2305
8020
6370
1230
9915
4077
9568
9241
2660
6275
7077
2619
243
3262
8038
7305
1217
8455
8532
3117
5972
3221
4080
9780
3988
6290
1268
7150
8818
4087
9433
1819
9207
1667
8339
7303
9811
8943
2792
9987
9944
1899
126
126
126
217
241
5351
475
3753
2896
8075
7602
4328
6929
5314
6397
6220
1101
1773
2188
6346
3750
4203
8498
2040
3435
8920
8228
8377
2773
2602
370
7975
2638
3525
5685
7968
7675
5441
9781
3833
9054
1272
7035
4757
5416
8829
3787
241
241
241
276
2617
420
5641
7606
5170
475
3265
9585
557
2506
9858
7227
9205
8664
6867
9205
2371
2371
9644
5783
8569
3791
3791
5407
5033
5407
9190
3667
3667
8774
310
310
310
475
9297
2398
6779
4213
4713
1743
1743
5926
6712
2240
9981
8191
2962
2962
6964
7091
2214
2214
1527
1527
2682
7299
366
366
366
1981
8440
6590
4062
938
938
1552
518
518
2273
2273
4823
4823
9325
7902
311
311
311
311
311
9083
6727
7096
9595
6656
9957
5825
4016
723
658
4032
6847
3111
775
271
271
271
271
3725
6842
4692
6749
483
483
7081
5711
4241
9989
5831
5831
6181
9036
9131
1324
6749
417
417
4798
4798
9828
7135
496
496
496
1314
3522
4649
9038
6103
7082
3671
7992
6113
4988
2209
2209
3167
4445
1691
3167
46
46
46
4789
2072
5109
1662
1662
5027
5678
2028
5027
1423
1423
1478
1478
3537
9976
493
493
493
1370
7588
5880
1060
1460
9021
533
533
533
7934
5851
3699
3699
8876
4851
9127
7122
8621
7843
9543
1909
1909
189
189
189
189
7078
3785
3123
4510
2500
2001
7664
2614
4605
7588
325
2614
4605
7078
116
116
1639
701
1590
1639
77
77
77
77
215
7831
2493
425
5358
376
3472
1805
7176
8754
5639
9344
1314
1314
7037
6822
454
454
1060
1091
1118
4712
4354
2219
2715
3404
1706
6314
8513
7633
5432
9914
7285
5600
6120
3932
6247
2009
1118
1304
7422
5014
9882
3576
1304
5877
5247
9223
1901
5247
298
298
298
1269
5538
315
315
417
6038
8756
5390
8710
3247
2271
1330
7000
1165
1165
1298
5455
1559
1480
4183
7571
7902
1725
1298
7485
2741
2741
9608
3758
3758
5010
5010
5247
4039
5247
4000
4039
3805
4000
3128
3805
2328
2328
6536
4615
4615
986
986
986
7508
6570
6011
9871
1434
1434
4248
9977
4653
4653
6424
5899
1917
1917
2616
5442
4911
5442
1314
1314
6584
8525
1333
1333
5152
2493
2493
9468
7456
915
915
1948
6364
1967
3644
6364
1902
1902
2532
3477
805
805
7385
6455
4168
6455
801
801
801
1948
8124
3559
5643
8641
6801
9162
8885
4006
8389
1020
1020
5929
373
3891
215
373
11
11
11
417
7363
1547
5707
3794
9715
4103
7194
277
277
6859
7433
96
96
96
96
3998
3513
7865
5379
7114
9484
7169
2126
4062
2786
471
2126
2786
226
226
226
226
435
1187
8554
5141
2826
5961
2966
6401
8556
2861
2632
5776
8504
4126
4126
5835
2638
2861
1176
1176
636
636
636
9287
8403
2891
4691
2463
1591
705
705
1547
3327
2834
3232
8437
8318
7584
3142
8318
539
539
539
1584
6679
1315
8487
1327
2533
251
251
251
251
7036
938
1513
3627
1151
2927
6236
3597
8703
661
661
1175
362
362
362
362
887
9066
2940
5528
8182
9940
4578
3559
6764
9088
3586
8744
1685
276
276
276
661
1083
6588
2051
7955
1383
3576
7919
4300
6220
4928
2055
1083
1083
4103
3775
4524
1771
5051
5706
2907
2907
2755
2755
8761
7617
1663
2907
7507
99
99
99
1003
1003
6296
4452
9442
5584
7948
8424
3
3
3
3
5747
7405
435
7877
3139
1978
7412
446
446
446
5047
6707
4032
3467
546
8224
185
185
185
546
3918
7847
8359
8797
5189
5741
3753
1163
1163
3314
3314
5404
8541
1997
1997
2631
8109
94
94
94
780
887
887
5079
7741
5716
1160
1325
5625
5625
8265
8069
6005
6740
8069
240
240
573
6332
4376
3946
3008
8170
2085
7089
8155
2026
573
573
6215
1594
7043
9959
4069
2398
2398
3489
3132
368
368
3171
8202
1729
1729
4223
3159
128
128
368
1160
1959
8491
9387
8386
5791
227
227
227
6870
6427
6521
123
2608
3582
2381
2608
9
9
9
9
759
1698
5604
6000
6378
2130
3973
4843
4966
973
5334
4393
7851
6121
9340
7745
4683
4905
9134
7886
2365
7106
759
1288
1288
1288
4657
9291
6844
5951
7692
6972
1704
1704
1704
2070
3879
4434
9087
8403
2423
6508
2651
4252
2159
2070
4730
9071
6553
8381
5067
9541
649
649
649
8868
9999
3752
6831
9255
6522
3856
3856
9366
7245
4138
4730
1454
1454
9780
1841
6838
9780
1631
1704
1444
1631
3327
3327
38
9044
107
107
8923
4794
1518
4434
4794
1195
1518
6241
3883
8871
3884
4201
