Filename: ran1K.dat

Sorted Data
3
3
3
9
11
94
94
238
8366
7639
9680
7581
8720
8055
8493
3603
1117
1782
2761
5549
7255
3770
4693
4543
6946
6999
581
1880
7979
3066
8193
5311
9089
1272
238
7412
716
716
3246
4490
3246
6315
6315
9442
7420
7420
772
772
6597
1134
1134
1649
5567
2584
2584
9339
5581
5581
6920
6920
311
311
6164
6164
2413
137
137
176
5378
4544
3321
3340
367
3266
7533
1075
2715
8324
7568
3818
7789
7419
7693
8044
889
8777
5233
8143
878
2616
3764
4984
2235
176
194
194
5207
5207
2913
2913
5183
6096
3210
3210
5994
2853
2853
9327
6770
6770
13
13
126
7735
735
8739
307
6124
8136
6275
8949
4201
6503
2372
3260
2751
2507
8800
4752
4651
703
7555
283
1043
9781
3668
6083
5378
6778
4477
6439
6273
1423
3798
6747
5115
7805
4439
5597
9342
5551
7492
5591
7349
7710
1838
7583
5958
7516
2305
8020
6370
1230
9915
4077
9568
9241
2660
6275
7077
2619
243
3262
8038
7305
1217
8455
8532
3117
5972
3221
4080
9780
3988
6290
1268
7150
8818
4087
9433
1819
9207
1667
8339
7303
9811
8943
2792
9987
9944
1899
126
241
3781
3466
1491
5351
475
3753
2896
8075
7602
4328
6929
5314
6397
6220
1101
1773
2188
6346
3750
4203
8498
2040
3435
8920
8228
8377
2773
2602
370
7975
2638
3525
5685
7968
7675
5441
9781
3833
9054
1272
7035
4757
5416
8829
3787
241
7930
5718
4258
5718
420
420
475
5170
475
3265
9585
557
557
2506
7227
7227
8664
6867
8664
2371
2371
9644
5783
5783
3791
3791
5407
5033
5033
9190
3667
3667
8774
310
310
779
1892
1892
2398
2398
4213
4213
1743
1743
5926
5926
2240
2240
8191
2962
2962
4148
7091
2214
2214
1527
1527
2682
2682
366
366
938
1981
8440
6590
4062
938
3674
1552
518
518
2273
2273
4823
4823
5997
7902
311
311
4384
5575
3921
3921
6727
6727
9595
6656
6656
5825
4016
5825
658
658
6847
3111
3111
271
271
2675
8415
3725
3725
4692
4692
483
483
2341
5711
4241
4241
5831
5831
6181
7386
9131
1324
1324
417
417
4798
4798
6381
7135
496
496
2209
9877
3522
4649
9038
6103
7082
3671
7992
6113
4988
2209
3204
3167
3204
1691
1691
46
46
116
4789
2072
5109
1662
5498
5027
5678
2028
4646
1423
9155
1478
2952
3537
9976
493
3225
6672
1370
7588
5880
1060
1460
9021
533
5864
7144
7934
5851
3699
5460
8876
4851
9127
7122
8621
7843
9543
1909
9240
189
1915
597
4354
7078
3785
3123
4510
2500
2001
7664
2614
4605
7588
325
5359
4639
217
116
226
1639
701
8914
3537
77
77
1091
1091
1857
7831
2493
2493
5358
376
376
454
7176
8754
5639
9344
1314
8465
7037
6822
454
2188
5426
1604
1604
3020
4354
2219
2219
3404
1706
1706
6314
7633
5432
5432
7285
5600
7285
3932
3932
2009
1118
1118
1304
5014
9882
3576
1304
5877
5247
5877
1901
1901
298
298
360
360
5538
315
315
801
6038
8756
5390
8710
3247
2271
1330
7000
1165
4045
6132
5455
1559
1480
4183
7571
7902
1725
1298
7485
2741
9765
9608
3758
8159
5010
8533
5247
4039
7311
4000
7505
3805
8351
3128
3146
2328
9346
6536
4615
5694
986
5481
2789
7508
6570
6011
9871
1434
4248
7307
9977
4653
9336
6424
5899
1917
2616
6597
5442
4911
5578
1314
5792
6584
8525
1333
9349
5152
2493
6845
9468
7456
915
1948
9529
6364
1967
3644
3795
1902
7539
2532
3477
805
9759
7385
6455
4168
1017
801
4089
4089
7899
8124
3559
3559
5643
6801
6801
8885
4006
8885
1020
1020
5929
373
373
215
4627
11
11
417
417
7363
1547
1547
3794
3794
4103
4103
277
277
4580
7433
96
96
123
1938
3998
3513
3513
5379
5379
7114
7169
2126
2126
2786
471
471
9731
226
226
539
539
9373
1187
8554
5141
2826
5961
2966
6401
8556
2861
2632
5776
8504
4126
6109
5835
2638
4176
1176
5985
636
4250
8975
9287
8403
2891
4691
2463
1591
705
4467
5022
3327
2834
3232
8437
8318
7584
3142
1329
539
4641
7303
1584
1584
1315
1315
1327
1327
251
251
5723
4538
5723
938
938
3627
1151
1151
2927
3597
6236
661
661
1175
362
362
1175
9977
2961
9066
2940
2940
3559
9940
4578
3559
6764
9088
3586
3586
1685
276
276
1083
8738
4206
6588
2051
7955
1383
3576
7919
4300
6220
4928
2055
1083
7055
4103
3775
4103
1771
1771
5706
2907
2907
2755
2755
6915
7617
1663
1663
7507
99
99
185
1003
2302
6296
4452
9442
5584
5584
8424
3
3
107
2294
5747
7405
435
435
3139
1978
3139
446
446
1675
5047
6519
4032
4032
546
3467
185
185
2261
2487
2487
3918
7847
8797
5189
5189
3753
1163
1163
3314
3314
5404
6050
1997
1997
2631
6634
94
94
759
780
887
1325
1325
5079
5716
1160
1160
5625
5625
6740
8069
6005
6005
6438
240
240
368
6332
4376
3946
3008
8170
2085
7089
8155
2026
573
7176
6215
1594
7043
9959
4069
2398
6365
3489
3132
368
9185
3171
3171
1729
1729
2677
3159
128
128
1122
8215
1959
1959
9387
8386
8386
227
227
2453
6870
6427
6870
123
123
3582
2381
2381
9
9
38
4170
970
1698
1698
5604
6378
2130
2130
3973
4966
973
973
4393
4393
6121
6121
7745
4683
4683
4905
7886
2365
6121
759
759
1288
2262
2651
9291
6844
5951
5951
6972
1704
1704
3879
4175
3879
4434
4434
8403
2423
2423
2651
2651
2159
2070
2070
9071
6553
6831
5067
5067
649
649
1707
2944
9999
3752
3752
3856
6522
3856
5537
5537
7245
4138
7245
1454
1454
9780
1841
1841
9909
1631
1631
1444
1444
3327
3972
38
38
107
107
1627
4794
1518
1518
1708
1195
1195
2389
2389
3602
3883
4201
