Filename: dup5K.dat

Sorted Data
1
1
1
1
6
54
4408
4141
476
888
3019
2942
1581
58
80
215
228
3946
4994
2285
2816
2448
1936
4453
269
2454
1171
3300
1753
3820
1430
228
490
4175
1812
490
4080
2403
2403
1259
1259
1112
1112
1973
1973
2970
419
419
3614
1228
1228
4134
2291
4134
2176
2176
2727
2090
2727
217
217
275
3808
4779
389
1796
785
4179
3304
4624
3424
331
457
3281
1665
2765
4211
3018
1525
2038
672
3012
4665
2637
275
349
3276
1001
358
4204
4110
1008
3002
4827
2944
4768
1420
1771
2325
384
349
2808
2808
4244
357
357
80
80
171
2459
3530
4292
2047
2362
4703
4354
4182
1772
2182
2959
4602
277
2415
4607
4348
1717
2271
2513
2996
4082
1048
2573
1970
437
2318
2941
1323
3161
2269
1203
4295
3427
4423
2746
3165
1365
280
1588
545
247
2959
2092
917
3460
321
3660
638
2820
3208
2636
1198
1155
1324
3379
982
2478
299
3009
537
4439
3355
4329
2894
4386
1315
2390
1092
1193
1617
1590
346
1083
4106
2917
1257
3512
4286
1646
3615
3058
1633
1594
1814
577
4729
250
2464
4066
2491
4585
4919
2095
4761
4804
1595
1578
1339
1726
709
4816
3455
1663
1993
2400
1010
4999
543
2330
3573
4840
1891
3796
4198
3551
893
4794
1968
4990
284
3464
2417
1265
171
2133
2133
3232
3137
3232
832
1825
538
538
4333
1678
4333
325
325
751
2241
751
4489
1881
1881
24
24
285
285
480
3984
2449
4316
3362
4316
2772
2772
642
642
2520
2813
3387
4131
1053
1053
862
862
1885
1885
4556
1656
1656
488
488
5000
1791
1791
1292
1292
2902
754
2296
480
480
3854
2264
2264
3010
726
726
1037
4145
693
693
3636
2
2
6
372
4573
789
454
1756
2110
646
3476
4376
1756
4695
2398
2056
3625
4908
901
3805
3794
2986
915
2045
4390
2167
1202
446
3185
2187
619
4259
1016
2752
3358
3265
3430
3296
1435
3756
4385
725
4934
3926
1431
3525
1283
4785
2501
4193
2698
2278
372
4324
506
506
3766
84
84
685
2548
2548
3497
387
387
844
844
2032
311
311
1636
2740
4145
2841
2740
4133
2823
2823
3958
643
643
1827
4045
79
79
88
2032
892
607
88
3422
2621
285
285
2396
4205
2600
2600
1527
2747
274
274
405
405
802
2483
329
329
487
3097
1321
2338
3721
3816
624
1863
4357
2334
4863
3033
1921
1878
3629
1618
2189
1276
573
2466
3293
2023
487
3441
729
729
1378
1378
1783
1783
2446
4223
2343
2343
997
997
215
215
1576
3645
3657
221
221
1931
2093
1931
3034
3205
601
601
1390
3810
691
691
1893
1893
3888
1471
1471
1884
530
530
2040
91
91
438
495
2145
3921
2918
1303
568
2357
4367
3186
2771
1775
856
438
2107
2107
3094
1274
1274
4987
2623
2623
4261
110
110
4256
1618
1618
4327
1284
1284
3374
909
909
2458
1240
1240
1911
1911
709
709
3200
2071
2071
62
62
1465
1508
447
447
1421
613
613
507
507
971
4848
3663
1871
971
2328
2328
2499
398
398
2222
3691
3691
1411
1411
3681
1133
1133
2496
3357
3746
969
969
3349
741
741
1919
2855
2361
2361
2888
1149
1149
3942
449
449
2718
1487
1487
3860
1018
1018
1632
1735
1088
1088
2568
2778
1847
1847
3164
149
149
505
1801
1243
1243
1781
1781
3676
695
695
3402
722
722
1593
1686
1686
1784
279
279
1260
1260
885
885
3022
4886
4805
4432
3022
4315
45
45
3566
798
798
2739
3584
308
308
2529
3778
1294
1294
1983
2791
2892
2791
3319
3651
66
66
902
4187
4597
3873
4597
1100
1100
4725
1581
1581
4539
2424
2424
692
692
972
4292
1136
1136
2734
593
593
775
775
1946
1946
13
13
35
59
889
4077
1990
1723
2214
2582
2582
3772
1662
1662
37
37
1208
2677
2677
2897
4852
4474
4474
6
6
467
467
625
629
4030
1997
1997
455
455
1708
936
936
2211
2790
4097
2108
2108
2224
710
710
1372
1372
2604
99
99
4885
4499
4885
129
129
3102
1541
1541
2983
3554
1584
1584
2288
1854
2288
1446
1446
736
3274
616
616
2027
2551
177
177
460
3217
1146
460
3561
3561
3788
4546
4555
3224
3224
1272
1272
121
121
220
4553
2569
874
4747
2453
2912
4218
2197
1165
3309
3719
3267
3193
451
3143
4740
4658
3348
666
227
3014
4700
849
4741
4841
1470
1627
3840
2956
3730
3517
1134
1375
600
1520
2770
4898
408
1359
1350
1472
1136
552
2380
2695
1034
4875
4685
3999
3226
1062
2993
2973
4430
3284
4424
894
3609
1352
634
220
2934
4858
1950
1950
2179
2179
734
734
1680
356
356
621
4669
1850
1850
315
315
4866
2494
2494
2555
4530
664
664
3247
3601
336
336
469
1044
3974
4619
3136
1221
2469
1912
4586
603
1656
2411
1959
4003
3501
4950
4185
4052
4088
1452
469
3951
3132
1640
1640
4270
1818
1818
548
548
3078
570
3078
343
343
3499
3586
4121
12
12
191
4796
680
680
2594
1617
1617
131
131
2256
1168
1168
4673
2990
2990
61
61
63
120
3713
3997
4909
399
3381
2510
2307
3462
4448
208
1439
3930
1645
4216
4894
1956
1368
462
345
2049
2628
1749
2005
3332
688
63
2606
334
2606
167
167
2279
3299
3649
799
799
1414
758
758
1600
4237
2127
2127
582
582
1364
396
396
2759
3378
1800
1800
35
35
59
164
636
3410
1443
1141
3976
3174
4207
2600
59
183
183
194
252
3209
2873
940
4485
1905
1004
594
1118
3295
4348
4194
2681
493
1227
494
3141
2599
2156
916
4534
2375
2018
252
868
2630
4062
4880
2642
868
3703
4766
806
806
4752
175
175
210
3865
2209
3382
2223
4202
1983
463
3371
3777
1149
1751
3040
4811
1368
210
2263
1762
197
197
3901
1577
1577
1940
1556
1556
3415
2181
2181
3214
1960
3214
580
580
2206
2206
1175
485
485
1235
1235
1344
1344
2356
4631
1775
4631
1672
1672
4134
4287
3615
4287
458
458
4178
14
14
19
21
4248
4468
1539
4557
3320
4719
908
908
2013
2013
2632
2963
2632
4536
3212
4536
1017
1017
105
105
194
4529
1604
4529
796
796
214
214
1355
1355
3850
2139
2139
1501
1501
3757
3757
1379
150
150
4421
1482
1482
3071
1022
1022
1069
1879
747
747
3310
78
78
3657
4394
2988
2988
1714
1714
1836
980
980
3912
836
836
1574
2327
1389
1389
2670
2670
2123
2123
3340
4044
1624
1624
3220
304
304
475
475
1932
3226
3170
1932
3696
3083
95
95
151
1530
2136
4832
2711
2335
2329
4467
3318
1834
2193
4438
3814
2524
1045
627
367
1892
195
4415
4937
3044
3751
764
679
173
4395
4132
4243
3180
767
170
823
3966
3066
2096
3287
2360
2518
938
2679
4717
3570
1458
1345
3260
885
1500
327
2937
2803
439
151
1952
1952
2145
3548
249
249
1720
2085
2085
653
653
724
2671
3386
11
11
20
2591
4921
2955
473
169
169
445
153
153
442
442
3926
112
112
484
3607
1152
4358
3895
2845
484
4541
4860
1348
1348
103
103
2789
2649
2649
4967
19
19
54
1748
1532
3993
1366
336
55
2521
501
695
921
4035
4298
4089
196
572
804
3813
4027
589
3516
637
394
429
1850
2430
1842
4637
3073
4706
2975
3577
3751
4149
778
2962
4214
3489
4370
4113
4478
2000
3062
434
1081
3978
2406
1125
2874
2508
1268
2929
497
1810
4627
1670
3941
4206
2443
3963
4698
4895
2490
756
1392
1394
4417
1555
1957
1524
4591
1266
687
2849
4831
4736
4007
2602
381
839
3726
1494
4869
4107
1078
4122
348
4670
549
1377
1220
1732
159
1215
2185
4057
764
1174
4519
1630
2235
1188
2474
1797
550
3693
3099
4359
576
2243
2017
2217
3775
135
4853
4237
2798
3779
3515
1003
54
2184
3333
2891
4330
4409
3000
2184
4591
4002
1277
1277
1790
4624
299
299
1666
2947
3200
4196
4503
67
67
68
3303
1798
2808
2183
3700
4821
3173
2290
2029
703
2050
4721
3601
3095
578
2227
423
4277
4192
4300
470
4209
3828
4821
244
3583
4710
3890
738
1251
882
4365
2260
3894
744
3250
835
1433
4690
3210
4313
4925
898
3273
288
2741
2016
3514
2881
3882
4488
1699
2104
929
2065
4288
3149
1974
1773
3992
3453
2538
846
305
4696
3968
211
499
2593
2332
139
2072
2783
3376
1002
4571
1422
4680
1486
1184
4803
953
990
2719
296
68
4643
3289
2506
3289
932
932
970
970
1493
1051
1051
3031
133
133
1991
2122
4162
612
612
1855
1332
1332
1682
584
584
852
1301
2942
1301
4535
2539
1542
1542
4397
2252
2252
3042
192
192
1239
617
617
3181
416
416
427
427
471
1688
2751
1132
1132
1876
72
72
87
2227
2316
1063
941
1943
3089
1893
3823
2424
1823
4668
2684
383
522
3622
4843
922
2921
2647
3420
4345
3887
3662
1109
3562
2618
1897
3436
3330
4227
3259
783
745
1261
558
1158
3359
2220
797
4588
2540
4343
4824
2421
87
2036
4090
1196
1196
109
109
2645
444
444
509
509
2633
4808
2944
2944
1780
1780
2325
2774
3015
854
854
1316
3876
1856
1856
1071
436
436
639
4749
2838
639
722
1958
3487
4800
1523
722
3595
2925
3595
1545
1545
4307
1150
1150
1320
1845
1403
1845
324
324
3669
2932
2932
3084
1175
1175
2086
2086
4064
3837
3837
1161
556
556
1654
1654
1402
1402
3091
4009
2158
2158
2648
1114
1114
4234
1598
1598
2330
4310
4310
2900
33
33
161
3724
4058
2981
3493
257
4232
4219
2693
630
1089
2191
973
1728
3910
4886
2833
3864
3795
2857
1007
946
4675
3781
4664
1587
4735
879
161
718
1710
4483
968
4896
1557
2611
2863
3211
2533
718
762
762
1131
2365
2365
341
341
402
4328
1240
3326
1307
657
2322
425
1841
3798
1278
402
2573
837
837
158
158
578
578
779
779
516
516
2259
2259
3198
4543
4098
4543
788
3354
76
76
147
4402
4114
4501
1410
306
4603
312
2151
4981
3964
1079
4782
527
147
4968
1989
1989
1105
1105
1653
2422
4267
118
118
1255
1255
782
646
646
3899
3077
3077
3961
246
246
4854
3024
3024
1275
28
28
2382
2382
4319
1702
1702
3138
714
714
1814
1814
412
412
804
1873
2893
2926
3537
944
944
541
541
1181
1181
453
301
453
104
104
4137
3409
3409
2384
2953
1290
1290
4275
4575
320
320
628
2659
1872
4959
1459
1600
1560
1097
628
4352
1087
4352
523
523
4457
4988
1937
1937
511
511
1793
1793
1015
1015
1076
2282
172
172
782
225
225
1806
1843
2558
393
393
4679
2002
2002
1612
1612
4373
1963
1963
2858
1920
2858
803
803
1466
1947
1947
2350
4746
2425
2425
977
557
557
2243
2243
3760
2860
2860
2904
213
213
717
3924
2172
717
2711
4172
963
963
4913
1690
1690
890
373
373
1792
3373
3711
558
558
3286
2473
2473
678
678
2242
2834
2289
2289
4762
2653
2653
9
9
16
31
38
64
1906
1903
1701
3216
2205
2416
3479
3671
4443
4653
858
3437
4836
1286
4734
4850
2750
123
1177
2785
3046
1005
4763
926
3248
4379
760
1449
1861
4211
2927
984
4689
723
3883
440
4991
3020
2101
1122
954
4646
3389
774
64
3692
3552
1363
1363
2919
606
606
3737
49
49
2148
496
496
3011
1379
1379
3768
981
981
2854
3253
866
866
1248
1248
2352
3560
2012
2854
1660
1660
941
364
364
1460
2441
289
289
4858
86
86
1296
1460
4716
3804
3804
4308
229
1621
2034
1621
2034
1549
1549
1295
1295
3982
3874
3982
1
1
3
3502
4873
3772
2541
2541
2571
3722
2624
3722
739
1991
527
527
1236
3803
2339
2339
2001
2001
4239
869
869
1630
1961
2037
2298
335
335
3124
278
278
650
3292
2035
2273
2713
2074
2199
1758
3460
2303
1428
2357
3557
4892
4226
4518
4103
2246
650
1313
4072
1896
4153
4837
4583
4000
1313
2463
2463
3233
3233
2824
1023
1023
3549
2044
2044
2708
1313
2708
707
707
773
3913
3607
3054
1567
4123
1874
2952
1446
3597
857
773
3785
3160
2721
3160
55
55
85
4317
2502
1351
1140
4961
3678
817
1310
1997
2193
264
1786
3881
4974
2815
85
655
482
482
583
4371
671
3842
1075
1180
3538
3263
1746
4387
3123
1226
4745
1182
2616
4104
2075
3705
4610
2142
3060
2063
3351
1613
583
2869
3544
2797
2797
3596
180
180
267
1006
2305
789
1902
1285
347
267
4611
4493
2283
4493
88
88
2201
875
2201
29
29
1198
2826
1198
2374
1862
1862
4870
94
94
2111
2418
2418
1306
872
1306
116
116
757
757
2070
2947
3524
934
934
745
745
4677
408
408
1643
2342
1382
1382
3148
43
43
1644
1644
2136
3045
41
41
961
2335
1605
961
3231
3660
342
342
2737
3069
2170
2170
4340
1050
1050
4208
2859
2859
4364
850
850
630
630
4931
303
303
3835
177
177
1127
2008
3495
4582
503
503
1334
2664
6
6
206
3325
3451
2429
2580
271
1544
2068
2323
2907
2738
983
865
2543
2532
4036
1927
206
2212
2379
1985
1985
2980
3862
1163
3862
190
190
433
4922
2589
3043
1382
605
433
3591
3591
4791
1468
1468
567
567
526
526
1759
2231
1807
1807
2367
4402
1935
1935
204
204
4925
2519
2519
1554
1554
3438
914
914
74
74
1461
1219
1219
3849
1162
1162
1168
1742
1742
2349
2349
2393
2393
2174
25
25
72
2523
2014
3735
3784
1113
3435
113
4511
2985
2847
3003
4347
1367
500
3783
1953
4688
3012
731
1070
189
2235
3948
1691
238
4686
3266
771
3196
3431
873
3650
2879
950
1103
3633
3398
2793
3977
4630
4550
146
4995
3709
3168
1058
1744
2637
1929
198
72
770
4691
106
106
1438
1246
1246
1705
2173
643
643
620
184
184
2984
877
877
2078
2238
2238
3776
3776
4302
921
4302
354
354
2865
128
128
193
1516
2730
4250
1675
1941
3875
4996
4625
1106
2534
3008
965
193
239
1589
3323
833
3086
370
3175
2395
3679
2579
2413
490
2284
3903
1898
1330
2565
3372
1108
976
3588
1157
4473
417
2018
2091
3702
2867
4391
4772
1394
2974
1563
3283
4796
404
3782
4019
2786
1606
2202
1338
4128
4396
1882
3837
4608
674
1281
3536
1767
1406
1234
3989
3925
2725
1463
2292
1212
4398
4399
658
4564
4249
2663
2230
1233
4980
243
2302
2743
596
3133
1920
1464
2239
2889
673
3622
2676
1908
239
4045
430
430
3410
3580
3324
3324
853
853
1785
1213
1213
2478
2478
4784
1288
1288
4472
315
315
1650
929
1650
518
518
1602
1602
1803
4024
1515
1515
1667
1667
16
16
21
2427
136
262
2274
1089
1651
2575
2801
2113
1201
4055
3005
2706
2300
1788
262
2428
4902
1167
1167
3668
2656
3668
508
508
31
31
187
3987
2488
4722
3973
1353
1744
1173
2820
4604
3041
3380
2311
4861
3004
4426
4542
733
1859
2249
4765
4168
2717
4523
3394
3513
2277
4034
2159
1300
392
1077
2178
2547
1485
4341
1370
3736
4163
3370
2705
3219
4275
4005
2388
187
730
4996
1514
2641
1244
2505
3653
1455
2554
2807
1782
730
1462
1462
1924
1705
1705
1721
365
365
3261
93
93
1538
38
38
919
919
2864
3556
676
676
996
51
51
250
1489
2686
1406
1406
3225
274
274
2423
2624
3896
3833
2726
2423
4566
4425
1388
4425
375
375
2374
859
2374
827
827
1119
2757
1119
1204
2087
1768
3974
3796
4229
4609
4635
3336
1204
4264
4189
1914
1914
3573
1311
1311
4282
2740
2740
1877
1347
1347
1607
1607
3284
4362
4751
3490
3490
1040
1531
459
459
911
997
1337
1965
1965
2102
4254
1454
1454
17
17
1982
1982
1503
2249
532
532
2838
2838
569
569
4728
1262
1262
2851
822
822
3006
3006
2546
491
491
1490
1178
1178
3096
1828
1828
592
2038
331
331
3346
1532
1532
4087
20
20
4111
719
719
1637
452
452
1996
1996
73
73
132
141
156
683
360
1068
945
3220
3818
2780
3623
4484
2240
2240
694
694
4620
2583
2583
1232
1232
2248
585
585
654
809
250
250
651
4100
1164
651
2486
3940
1122
1122
3188
236
236
708
708
1147
1147
2825
697
697
2758
237
237
575
575
651
1570
1808
750
750
1764
1764
2377
2724
2166
2166
525
525
1000
1027
1027
222
222
1278
1278
1538
4879
2196
2196
3871
1733
3871
566
566
1821
270
270
1264
1264
3134
2370
3134
76
76
3251
4840
83
83
2355
3957
2716
2716
4017
4063
2065
2065
649
649
350
350
361
432
2643
3128
1304
2405
663
382
4445
3059
4647
620
2853
2243
3568
2905
2849
3947
4093
4864
920
1139
3643
1440
712
2108
3075
847
361
1263
2313
1254
1254
385
385
544
2709
363
363
1247
2831
3945
2295
1247
2557
2557
2668
2668
3288
4701
1508
1508
766
766
1137
1137
3879
3879
1423
1423
3333
964
964
298
298
818
1388
1091
1091
1311
4616
2753
4265
2673
4758
4952
3072
3125
4302
4165
3163
4047
4042
3121
1311
4477
3631
3631
259
259
1082
1082
1804
3789
4851
3749
4851
321
321
586
1527
586
2268
2268
4510
40
40
101
1035
1099
1035
2966
4323
2149
2149
2489
2341
2341
4528
1565
1565
2105
4640
1921
1921
3377
461
461
2627
4095
2552
2552
15
15
26
42
4590
3706
3858
2944
2878
1475
4069
3035
1327
1120
3626
2481
2382
4890
3214
4918
1073
42
476
1680
3238
881
2468
2386
4636
1343
2007
3750
2822
1250
2134
4118
4587
3643
476
669
669
1869
1869
4150
147
147
2237
598
598
3949
1975
1975
3442
3122
3442
377
377
924
2581
2581
3857
1951
1951
2922
2922
4579
2977
4579
617
617
2666
1289
1289
4130
351
351
662
662
1605
4812
290
290
2126
270
270
281
281
380
380
2120
4554
677
677
5
5
10
4521
1340
1870
185
2909
3321
1371
2733
4476
3503
3105
2048
3929
498
2583
3567
3445
2185
4809
799
2099
3479
1718
209
1418
3454
3802
4389
2121
4491
2841
4372
186
1536
4126
4914
2812
1699
4897
1469
984
4579
2655
1494
1971
4662
4806
2915
4416
3421
3520
3962
2652
3463
3878
2053
4506
2866
3496
1658
4527
2043
3744
32
925
829
3821
1441
2814
4563
2009
2961
1064
3527
1157
3255
252
403
1762
2270
1510
2445
4810
4382
3234
1949
1595
4322
4992
1839
4443
631
3509
3272
807
2106
1166
1269
2011
2745
2163
1074
2729
4201
1333
2877
144
4981
239
814
202
2767
4180
4021
3995
3913
4889
4190
2071
1692
1575
2432
4576
3545
2595
3119
3665
172
3958
4632
1360
3313
3131
2901
2218
3433
1230
4601
1055
3051
1217
2689
4820
3594
4715
623
1533
1519
81
4692
4173
369
4494
962
4847
4549
3397
443
4731
3657
229
1400
913
2804
3922
3461
4151
3050
4829
4374
2613
3540
2935
4606
659
2301
4676
3847
4838
2254
2810
3383
3878
1838
1297
3628
4650
4764
3491
472
4929
3447
862
3251
125
2544
4219
3116
313
1496
975
1061
1124
1546
1205
3604
21
861
4461
904
851
1556
2216
4666
4355
3446
2937
2128
1011
4936
3655
132
3484
4828
3027
1641
2730
1755
3790
883
3331
4498
2619
1325
3697
682
4965
2358
2162
1325
3807
4225
4769
1747
2057
2640
2515
4260
4861
2843
4599
366
4014
116
3146
1761
3345
4489
1194
2504
1683
232
2844
855
2198
4050
1562
704
4392
4007
2394
3754
291
233
4081
3271
3312
1186
4916
2154
3079
2971
2931
811
2004
3392
2492
513
978
3074
4694
3844
3067
1864
3671
4525
949
422
3836
3996
3904
1754
4714
1816
3939
4492
3822
1115
1816
3716
4495
4568
841
3993
3120
3683
2348
47
1144
4056
155
761
3304
126
1199
4284
2307
3242
837
1214
3305
1273
1416
22
1214
564
4112
2177
1160
1357
330
3918
4026
675
4974
3598
3990
3056
2868
1026
792
3771
2537
4039
50
2261
2800
2660
3620
1865
2687
590
1396
1553
1625
990
1716
4183
587
1065
1551
26
4759
424
3968
1726
1408
2667
2097
1491
4871
224
4252
2699
4923
4078
1992
4696
4429
1824
4278
3642
2058
4561
2696
127
1399
4241
4671
4771
2142
681
3176
3191
4550
791
2152
3907
1191
821
4931
4747
1590
3413
362
2346
4334
2776
2353
2347
2660
995
1977
3342
1442
1969
1032
3809
1211
240
531
1888
1809
4969
3801
90
266
310
3494
3254
1774
4938
4712
3203
3113
2225
3280
3158
3052
10
3351
2157
3351
713
713
3848
18
18
96
4460
1429
3471
4071
293
293
4014
1518
1518
1820
3278
3278
3508
4660
519
519
561
391
391
910
3909
3526
910
4901
3505
935
935
4673
602
602
3277
1404
3277
111
111
282
287
4883
2100
1509
4560
2294
826
826
1466
4148
1986
1986
668
3245
540
540
4756
2500
2500
701
701
1012
2585
440
440
918
301
301
2796
2444
2444
2764
96
96
2297
4539
555
555
1999
1866
1866
4957
401
401
481
1561
3049
3531
3532
1599
1561
2620
2620
3933
1522
1522
2226
1409
1409
4570
4083
4083
2482
1217
1217
1412
2679
607
607
2116
2116
2528
4303
3145
3145
3307
282
282
2566
609
609
3055
1880
3055
287
287
425
425
431
1014
431
828
828
1270
2409
1270
2088
1603
1603
2088
2975
1084
2433
2433
3527
188
188
3538
4955
141
165
1585
3385
3154
1779
539
435
404
565
4605
4064
400
165
435
1668
3827
1505
69
69
1668
2876
2876
4818
343
343
4257
2008
2008
1535
1028
1028
3282
3350
1672
1672
2115
70
70
2129
2267
615
615
4514
4
4
8
2755
3111
2549
2549
3761
4025
3
3
52
688
771
2098
1032
912
912
1987
2098
2818
1787
794
794
2886
2363
2886
8
8
34
34
1271
3710
3115
3291
4485
2477
21
21
27
387
1480
3150
3394
3065
4360
3241
2304
387
2631
1237
1237
3956
3956
3897
2995
3897
1473
1473
779
474
474
1849
2651
645
645
721
1397
4433
1981
1397
4699
2392
2392
1827
4437
1730
1730
4231
218
218
426
698
698
700
1819
2924
2924
207
207
333
2596
3176
3567
2447
3931
4037
2026
2616
2650
4844
1056
333
777
777
1021
1768
3474
4168
1840
1021
2967
2967
3153
3242
611
611
3184
1336
1336
1498
1498
3652
3755
2560
3755
65
65
108
4001
3673
3332
880
4252
3317
1142
4547
3438
1334
4155
4867
3342
3434
1231
2410
666
1308
4066
119
3367
1117
867
1318
1413
2715
900
108
1308
1308
2735
4706
1703
1703
2051
2175
2251
1677
1677
138
138
163
4622
2839
4202
4049
1450
4049
741
741
162
162
456
2109
511
456
4198
1387
1387
1622
2431
2431
2667
669
669
813
1642
340
340
560
165
165
2333
3426
742
742
943
2899
338
338
521
3029
1696
1195
521
2517
4075
1156
1156
3558
376
376
890
1135
890
1229
1229
1853
4732
222
222
2436
2920
1207
1207
801
1453
263
263
993
993
2067
1592
1592
4263
464
464
4786
52
52
256
2391
2870
407
4139
1170
864
1634
3732
1868
2399
3444
1764
256
3856
4500
71
71
2229
2229
2625
4751
2625
4073
1457
60
60
1331
533
533
955
955
82
82
168
226
3832
3523
1038
1287
3404
3923
2609
959
3366
4273
4710
3516
395
2575
846
316
1569
2769
3064
4449
261
3478
3389
795
3363
1860
4985
1697
2789
2553
1610
4781
1967
359
2367
4431
2707
2998
2210
2168
1512
3322
1328
1190
520
1197
1317
1724
4737
4209
751
702
541
1898
957
4817
2495
4280
3269
4524
626
4949
731
2675
2410
633
1098
4068
1694
1044
4672
3347
4116
3450
1955
2439
4868
3617
2567
226
581
1908
1474
3440
4791
787
787
3764
1739
3764
581
581
4773
1506
1506
27
27
53
133
143
154
1205
2562
4774
1972
3746
3088
4966
4227
4038
2803
1521
1496
4033
2564
1805
1205
1900
4614
328
328
2364
255
255
1526
1526
1811
3374
4140
3374
4838
4381
2883
4381
273
273
1009
1265
53
53
414
3728
3728
1712
1712
2350
339
339
1222
1702
1702
1954
1954
1788
1788
168
168
726
4990
1086
726
1086
4815
2208
2233
4683
2608
2608
2612
552
552
2093
3843
264
264
323
323
1481
411
1481
113
113
297
4213
4874
4443
2027
2027
107
107
133
2053
3812
2117
4961
768
1179
4255
1609
2856
3197
1743
1909
4876
1436
2206
3600
297
1476
2511
2397
4419
4900
2124
1393
2450
4051
599
3279
986
4269
1659
2299
2826
3590
374
1019
2968
1345
215
3144
3747
1504
4074
2938
3103
366
2701
1829
2614
3689
3467
3938
4326
3068
2710
2437
3605
1944
3262
1825
3507
3468
1611
808
988
3641
3638
1979
1111
4195
1031
133
2885
4376
1398
1398
2950
28
28
45
45
160
92
2055
1713
2103
3166
3369
1048
2312
3302
4598
355
3413
3258
656
2317
1067
747
595
3107
4311
3206
4166
1381
1639
2746
144
3301
1358
319
4755
661
3701
4152
1299
4972
3853
1563
4617
2276
1679
4279
1725
937
2744
749
2061
3483
3338
1770
2253
3898
1655
993
143
2119
1172
1384
3129
4595
3195
479
3684
2615
3673
1731
1444
2722
3101
1425
3091
156
2784
3455
1687
248
2168
4188
2381
3723
4515
2213
466
1302
2509
2344
1057
2540
2597
4271
706
2149
1917
1305
4273
2387
142
2702
4855
2759
3950
4662
4975
1722
3504
823
1552
4451
1434
3236
260
2771
2046
4520
4221
4464
4594
2560
2232
635
2890
212
2462
843
313
2465
1740
2639
947
179
1100
2258
4289
3246
2064
2908
1107
3477
4978
4266
3564
1928
4563
3685
517
1636
4403
1013
4393
3714
3294
1293
468
2082
610
2178
4427
1361
895
4159
137
3742
3731
181
4127
3396
3448
2949
3337
4411
4743
3931
1570
4558
2472
2819
3988
535
154
979
685
4321
3811
4230
3626
4191
4507
2060
4361
4496
951
163
3487
1487
4786
1907
3736
203
1110
4536
1223
371
3740
2366
665
1437
2161
4120
2882
4028
4779
4436
1934
2024
2378
4750
2372
4644
1832
4481
3725
3151
509
1401
1225
896
3016
4107
122
928
2723
2939
1189
905
2972
2401
3545
1615
353
3942
4059
3532
534
1484
974
4657
3223
1585
3971
3190
1419
45
3412
1719
1242
1242
3445
34
34
36
3563
1116
3315
3315
3473
2025
2025
102
102
130
199
4236
502
2990
1548
3951
4224
4790
465
465
781
4964
1448
1566
3715
2829
2270
3089
2625
3343
2131
781
1187
1385
200
200
379
715
390
1224
1224
2861
2486
2486
3572
2352
3572
448
448
759
759
1024
482
482
870
1507
36
36
39
44
4830
1034
3217
1966
2469
2139
2606
3495
591
588
3640
1559
4367
2003
956
4513
258
1573
2562
4160
413
3186
1948
3870
792
44
48
98
100
776
1650
3384
4857
3138
3106
4325
2324
3983
2059
3579
4246
1142
2635
1060
3026
2287
203
570
4136
641
842
268
2928
4904
2834
450
1455
4048
130
4384
1483
763
1568
3884
4091
2777
2535
2516
755
2836
3228
4032
2029
292
2555
4173
2991
3103
3118
1153
4940
416
4512
3571
3419
1129
1737
1375
2588
4979
1154
1341
737
3822
3528
1451
4849
2321
199
294
2306
3520
1477
4676
3135
2202
3989
2030
1080
1994
3688
2756
3510
176
3769
1962
4526
4651
4800
3207
242
4906
307
4103
3432
1683
98
140
245
309
3951
1831
4638
2345
2804
3030
1042
309
4915
1066
1066
992
992
4656
379
379
420
2265
3638
3888
4240
4407
3664
4407
2480
2480
96
96
115
414
1385
812
1987
1096
1356
2089
4578
1844
2536
4833
2124
39
39
56
3339
3353
1513
140
140
414
1964
4469
56
56
115
295
4708
1662
4845
478
4363
1741
3511
2916
3264
2461
1499
3140
1093
4744
4442
3100
219
1867
3718
2678
3608
830
3079
3799
2456
1685
4887
1128
2016
4337
2153
2795
2982
2688
4217
4623
3365
414
2781
2870
4098
4038
4271
4951
1209
1356
4405
3249
2408
2964
4945
2683
563
3787
3194
1850
3542
2768
931
2135
4029
4655
1616
2052
1095
4013
1648
1360
1432
2525
2308
3141
3589
1019
1915
1888
4760
377
3679
2670
2015
4720
1799
2954
2079
1583
115
1210
4687
1281
1210
1281
4742
3542
2714
3048
3972
816
2954
3886
819
819
231
231
2587
235
235
235
689
3745
48
48
124
2514
3980
4891
2779
326
1185
283
2979
716
545
2586
547
553
2851
1028
3127
4479
1913
124
4944
2736
3127
155
155
897
897
4517
2958
2958
4814
2661
