Filename: dup5K.dat

Sorted Data
1
1
1
1
1
1
4408
4141
476
888
3019
2942
1581
58
927
3017
2215
3946
4994
2285
2816
2448
1936
4453
269
2454
1171
3300
1753
3820
1430
228
3741
4175
1812
490
4080
2403
3583
1259
1319
1112
2895
1973
3149
2970
419
2682
3614
1228
4783
4134
2291
4129
2176
4233
2727
2090
2190
217
4414
899
3808
4779
389
1796
785
4179
3304
4624
3424
331
457
3281
1665
2765
4211
3018
1525
2038
672
3012
4665
2637
275
3575
3276
1001
358
4204
4110
1008
3002
4827
2944
4768
1420
1771
2325
384
349
2808
4176
4244
357
3752
80
3846
596
2459
3530
4292
2047
2362
4703
4354
4182
1772
2182
2959
4602
277
2415
4607
4348
1717
2271
2513
2996
4082
1048
2573
1970
437
2318
2941
1323
3161
2269
1203
4295
3427
4423
2746
3165
1365
280
1588
545
247
2959
2092
917
3460
321
3660
638
2820
3208
2636
1198
1155
1324
3379
982
2478
299
3009
537
4439
3355
4329
2894
4386
1315
2390
1092
1193
1617
1590
346
1083
4106
2917
1257
3512
4286
1646
3615
3058
1633
1594
1814
577
4729
250
2464
4066
2491
4585
4919
2095
4761
4804
1595
1578
1339
1726
709
4816
3455
1663
1993
2400
1010
4999
543
2330
3573
4840
1891
3796
4198
3551
893
4794
1968
4990
284
3464
2417
1265
171
2133
3486
3232
3137
1825
832
1145
538
4561
4333
1678
2775
325
3255
3681
2241
751
4489
1881
3181
24
2692
285
1354
1924
3984
2449
4316
3362
4463
2772
3780
642
2520
2813
3387
4061
4131
1053
1671
862
4169
1885
2255
4556
1656
1424
488
3792
5000
1791
3061
1292
4337
2902
754
2370
480
3996
3854
2264
2296
3010
726
1037
2021
4145
693
1926
3636
2
3268
883
876
4573
789
454
1756
2110
646
3476
4376
1756
4695
2398
2056
3625
4908
901
3805
3794
2986
915
2045
4390
2167
1202
446
3185
2187
619
4259
1016
2752
3358
3265
3430
3296
1435
3756
4385
725
4934
3926
1431
3525
1283
4785
2501
4193
2698
2278
372
4324
506
2137
3766
84
685
3646
2548
3859
3497
387
1776
844
3685
2032
311
1636
3841
4388
4145
2841
2740
4133
2823
4456
3958
643
1827
1945
4045
79
2848
2828
2032
892
607
88
3422
2621
285
2396
3934
4205
2600
2747
1527
4577
274
562
405
802
2171
2483
329
3533
871
3097
1321
2338
3721
3816
624
1863
4357
2334
4863
3033
1921
1878
3629
1618
2189
1276
573
2466
3293
2023
487
3441
729
4682
1378
2318
1783
4223
2446
4380
2343
3428
997
1941
215
1576
3645
4355
3657
221
4629
4096
2093
1931
3034
3205
601
1390
4115
3810
691
2286
1893
3093
3888
1471
2913
1884
530
4546
2040
91
2948
3967
495
2145
3921
2918
1303
568
2357
4367
3186
2771
1775
856
438
2107
3106
3094
1274
2665
4987
2623
3297
4261
110
2022
4256
1618
3575
4327
1284
2454
3374
909
2697
2458
1240
3587
1911
2502
709
2459
3200
2071
397
62
1465
4574
1508
447
1047
1421
613
1738
507
1322
3179
4848
3663
1871
971
2328
2683
2499
398
2222
4480
3691
3733
1411
3866
3681
1133
2496
3746
3357
4041
969
3393
3349
741
1919
2485
2855
2361
3965
2888
1149
2069
3942
449
2726
2718
1487
2811
3860
1018
1632
4299
1735
1088
2568
4634
2778
1847
1103
3164
149
505
4462
1801
1243
3955
1781
3632
3676
695
1248
3402
722
1593
4986
1686
2083
1784
279
3877
1260
3581
885
4469
3619
4886
4805
4432
3022
4315
45
1623
3566
798
3584
2739
3646
308
3778
2529
4903
1294
1983
2978
4222
2892
2791
3319
3651
66
902
4187
4798
4597
3873
4905
1100
4802
4725
1581
3166
4539
2424
2913
692
972
1696
4292
1136
3791
2734
593
2896
775
3239
1946
2193
13
4823
1121
4125
889
4077
1990
1723
2214
2582
3047
3772
1662
4654
37
1208
4705
2677
2897
4788
4852
4474
1729
6
1778
467
625
629
2476
4030
1997
1029
455
4302
1708
936
2211
2790
4958
4097
2108
1342
2224
710
3129
1372
2887
2604
99
4935
4885
4499
4400
129
4260
3102
1541
2983
4545
3554
1584
3407
2288
1854
2402
1446
3274
736
3506
616
2027
3920
2551
177
2817
1735
3217
1146
460
3561
3788
4555
4546
4580
3224
4651
1272
1692
121
3485
3182
4553
2569
874
4747
2453
2912
4218
2197
1165
3309
3719
3267
3193
451
3143
4740
4658
3348
666
227
3014
4700
849
4741
4841
1470
1627
3840
2956
3730
3517
1134
1375
600
1520
2770
4898
408
1359
1350
1472
1136
552
2380
2695
1034
4875
4685
3999
3226
1062
2993
2973
4430
3284
4424
894
3609
1352
634
220
2934
4858
1950
4909
2179
4807
734
1039
1680
356
621
3891
4669
1850
1626
315
3052
4866
2494
2555
3609
4530
664
3247
4589
3601
336
1245
2781
1044
3974
4619
3136
1221
2469
1912
4586
603
1656
2411
1959
4003
3501
4950
4185
4052
4088
1452
469
3951
3132
1640
2144
4270
1818
958
548
4342
3078
570
1516
343
3499
3586
4161
4121
12
191
4019
4796
680
2084
2594
1617
2963
131
4234
2256
1168
3758
4673
2990
2622
61
3934
1550
120
3713
3997
4909
399
3381
2510
2307
3462
4448
208
1439
3930
1645
4216
4894
1956
1368
462
345
2049
2628
1749
2005
3332
688
63
2606
334
4076
167
2279
3299
4069
3649
799
3361
1414
758
1600
2440
4237
2127
3629
582
885
1364
396
3378
2759
4406
1800
1731
35
1939
4937
164
636
3410
1443
1141
3976
3174
4207
2600
59
183
3936
421
4633
3209
2873
940
4485
1905
1004
594
1118
3295
4348
4194
2681
493
1227
494
3141
2599
2156
916
4534
2375
2018
252
1183
2630
4062
4880
2642
868
3703
4766
806
3739
4752
175
3815
234
3865
2209
3382
2223
4202
1983
463
3371
3777
1149
1751
3040
4811
1368
210
2263
1762
197
3023
3901
1577
4146
1940
1556
4177
3415
2181
3793
3214
1960
938
580
3907
2206
3498
1175
485
1752
1235
4458
1344
2356
4640
4631
1775
3274
1672
4134
4505
4287
3615
1543
458
1238
4178
14
4462
1887
4412
4248
4468
1539
4557
3320
4719
908
3416
2013
4158
4314
2963
2632
4536
3212
4571
1017
1673
105
194
4930
4529
1604
3618
796
1041
214
3943
1355
2165
3850
2139
4250
1501
3827
3757
3826
1379
150
3900
4421
1482
4143
3071
1022
1879
1069
3069
747
1052
3310
78
4394
3657
4502
2988
2204
1714
2794
1836
980
4296
3912
836
1574
3316
2327
1389
3905
2670
2884
2123
3340
4824
4044
1624
2414
3220
304
2060
475
3171
4351
3226
3170
1932
3696
3083
95
574
1373
1530
2136
4832
2711
2335
2329
4467
3318
1834
2193
4438
3814
2524
1045
627
367
1892
195
4415
4937
3044
3751
764
679
173
4395
4132
4243
3180
767
170
823
3966
3066
2096
3287
2360
2518
938
2679
4717
3570
1458
1345
3260
885
1500
327
2937
2803
439
151
1952
2145
3425
3548
249
1720
4039
2085
4016
653
724
3386
2671
3634
11
820
4124
2591
4921
2955
473
169
2862
445
153
2832
442
1976
3926
112
4213
786
3607
1152
4358
3895
2845
484
4541
4860
1348
2800
103
3693
2789
2649
3698
4967
19
2634
1416
1748
1532
3993
1366
336
55
2521
501
695
921
4035
4298
4089
196
572
804
3813
4027
589
3516
637
394
429
1850
2430
1842
4637
3073
4706
2975
3577
3751
4149
778
2962
4214
3489
4370
4113
4478
2000
3062
434
1081
3978
2406
1125
2874
2508
1268
2929
497
1810
4627
1670
3941
4206
2443
3963
4698
4895
2490
756
1392
1394
4417
1555
1957
1524
4591
1266
687
2849
4831
4736
4007
2602
381
839
3726
1494
4869
4107
1078
4122
348
4670
549
1377
1220
1732
159
1215
2185
4057
764
1174
4519
1630
2235
1188
2474
1797
550
3693
3099
4359
576
2243
2017
2217
3775
135
4853
4237
2798
3779
3515
1003
54
2438
3333
2891
4330
4409
3000
2184
4591
4002
1277
1790
3915
4624
299
1666
2947
3200
4503
4196
4613
67
536
2799
3303
1798
2808
2183
3700
4821
3173
2290
2029
703
2050
4721
3601
3095
578
2227
423
4277
4192
4300
470
4209
3828
4821
244
3583
4710
3890
738
1251
882
4365
2260
3894
744
3250
835
1433
4690
3210
4313
4925
898
3273
288
2741
2016
3514
2881
3882
4488
1699
2104
929
2065
4288
3149
1974
1773
3992
3453
2538
846
305
4696
3968
211
499
2593
2332
139
2072
2783
3376
1002
4571
1422
4680
1486
1184
4803
953
990
2719
296
68
4643
3289
2506
3389
932
1130
970
4154
1493
1051
3520
3031
133
1991
2122
3867
4162
612
4882
1855
1332
3687
1682
584
852
3326
4701
2942
1301
4535
2539
1542
4418
4397
2252
3076
3042
192
2645
1239
617
2527
3181
416
551
427
471
1688
3970
2751
1132
1258
1876
72
2674
1822
2227
2316
1063
941
1943
3089
1893
3823
2424
1823
4668
2684
383
522
3622
4843
922
2921
2647
3420
4345
3887
3662
1109
3562
2618
1897
3436
3330
4227
3259
783
745
1261
558
1158
3359
2220
797
4588
2540
4343
4824
2421
87
2036
4090
1196
3834
109
2545
2645
444
4346
509
2633
3707
4808
2944
4383
1780
2325
2774
3202
3015
854
1316
3244
3876
1856
2605
1071
436
1572
4109
4749
2838
639
2691
1958
3487
4800
1523
722
3595
2925
3714
1545
2643
4307
1150
1320
3417
1845
1403
2763
324
3364
3669
2932
3169
3084
1175
3001
2086
4004
4064
3837
4754
1161
556
4171
1654
2369
1402
3091
4022
4009
2158
4724
2648
1114
4086
4234
1598
2330
4981
4310
4834
2900
33
2130
1256
3724
4058
2981
3493
257
4232
4219
2693
630
1089
2191
973
1728
3910
4886
2833
3864
3795
2857
1007
946
4675
3781
4664
1587
4735
879
161
2928
1710
4483
968
4896
1557
2611
2863
3211
2533
718
762
1131
2989
2365
2592
341
2658
4639
4328
1240
3326
1307
657
2322
425
1841
3798
1278
402
2573
837
2256
158
1649
578
4508
779
1479
516
3405
2259
3198
4973
4543
4098
3354
788
2570
76
4531
2498
4402
4114
4501
1410
306
4603
312
2151
4981
3964
1079
4782
527
147
4968
1989
4030
1105
1653
4267
2422
4948
118
3189
1255
2163
782
646
4558
3899
3077
1058
3961
246
3690
4854
3024
2188
1275
28
2787
2382
4428
4319
1702
2875
3138
714
2420
1814
2309
412
804
1873
2893
2926
3269
3537
944
1813
541
4927
1181
2528
453
301
2933
104
4085
4137
3409
2953
2384
4157
1290
4575
4275
4778
320
2314
3308
2659
1872
4959
1459
1600
1560
1097
628
4352
1087
4366
523
4457
4646
4988
1937
647
511
2760
1793
2441
1015
1076
1647
2282
172
1794
782
225
1806
1843
4441
2558
393
3728
4679
2002
3109
1612
2247
4373
1963
4306
2858
1920
3329
803
1466
4984
1947
2350
3204
4746
2425
2762
977
557
2264
2243
3159
3760
2860
1094
2904
213
2262
2314
3924
2172
717
2711
4172
963
3401
4913
1690
4247
890
373
1792
3373
3937
3711
558
3237
3286
2473
3674
678
2242
3654
2834
2289
2897
4762
2653
2704
9
1846
4863
1478
720
3872
1906
1903
1701
3216
2205
2416
3479
3671
4443
4653
858
3437
4836
1286
4734
4850
2750
123
1177
2785
3046
1005
4763
926
3248
4379
760
1449
1861
4211
2927
984
4689
723
3883
440
4991
3020
2101
1122
954
4646
3389
774
64
3692
3552
1363
824
2919
606
2435
3737
49
660
2148
496
3458
3011
1379
1085
3768
981
2854
4881
3253
866
4298
1248
2352
2987
3560
2012
4971
1660
3818
941
364
2441
1460
4092
289
181
4858
86
1296
4006
2910
4716
3804
3839
4308
229
4446
2034
1621
2969
1549
3699
1295
4285
3982
3874
813
1
18
21
55
4873
3772
2541
2571
4422
3722
2624
1991
739
604
527
1236
2786
3803
2339
2192
2001
3703
4239
869
1630
1961
2298
2037
2996
335
4771
3124
278
3057
1297
3292
2035
2273
2713
2074
2199
1758
3460
2303
1428
2357
3557
4892
4226
4518
4103
2246
650
3981
4072
1896
4153
4837
4583
4000
1313
2463
4316
3233
4102
2824
1023
3037
3549
2044
3845
2708
1313
810
707
3677
4319
3913
3607
3054
1567
4123
1874
2952
1446
3597
857
773
3785
3160
2721
904
55
254
254
4317
2502
1351
1351
4961
3678
817
817
1997
2193
264
264
1786
4974
2815
85
85
482
482
583
4371
671
3842
1075
1180
3538
3263
1746
4387
3123
1226
4745
1182
2616
4104
2075
3705
4610
2142
3060
2063
3351
1613
583
2869
3544
2797
1980
2797
180
180
408
1006
2305
789
1902
1285
347
267
267
4493
2283
2283
88
88
2201
875
875
29
29
3957
2826
1198
1198
1862
2374
4870
94
94
2111
2418
3178
1306
2418
3178
116
116
757
757
2070
2947
4291
934
2947
745
934
1886
408
408
1643
4941
1382
1382
3148
43
43
1644
1644
2136
3553
41
41
3028
2335
1605
1605
3231
3660
342
342
3906
3069
2170
2170
3069
1050
1050
4208
2859
1253
2859
850
1253
630
850
3478
303
303
3835
177
177
1127
2008
4497
4582
503
503
1334
4450
6
6
16
25
3451
2429
2580
271
1544
2068
2323
2907
2738
983
865
2543
2532
4036
1927
206
2212
2379
1985
2980
4117
3862
1163
1750
190
3290
3199
4922
2589
3043
1382
605
433
3591
4344
4791
1468
4290
567
2387
526
1759
3861
2231
1807
2367
3854
4402
1935
3475
204
4645
4925
2519
4890
1554
3229
3438
914
4509
74
2233
1461
1219
2040
3849
1162
1168
4884
1742
3852
2349
3985
2393
3025
2174
25
38
72
2523
2014
3735
3784
1113
3435
113
4511
2985
2847
3003
4347
1367
500
3783
1953
4688
3012
731
1070
189
2235
3948
1691
238
4686
3266
771
3196
3431
873
3650
2879
950
1103
3633
3398
2793
3977
4630
4550
146
4995
3709
3168
1058
1744
2637
1929
198
72
770
4691
106
106
184
1246
2173
1705
4311
643
3762
620
184
1192
2984
877
877
2078
2238
2238
3776
3776
4302
921
921
354
354
2865
128
128
193
1516
2730
4250
1675
1941
3875
4996
4625
1106
2534
3008
965
193
2275
1589
3323
833
1589
370
370
2395
2395
2579
2413
490
490
976
1898
1330
2565
3372
1108
976
3588
1157
4473
417
417
2018
2091
2867
3702
4772
1394
1394
1563
2974
4796
404
404
4019
2786
1606
2786
1338
1338
4396
1882
1882
4608
674
674
1281
1767
1406
1234
1234
3925
2725
1463
3925
1212
1463
2292
658
658
4249
2663
2230
2663
4980
243
243
2743
596
596
1920
1464
1920
2889
673
673
2676
1908
239
239
430
430
3410
4487
3324
3410
853
853
1785
1213
1213
2478
3039
3742
1288
1288
4472
315
315
1650
929
3759
518
518
1602
1602
2512
4024
1515
1515
1667
2219
16
16
352
2427
136
136
2274
1089
1089
1651
2801
2113
1201
1201
3005
2706
2300
3005
262
262
508
1167
3979
3668
2656
3443
508
1895
31
31
187
3987
2488
4722
3973
1353
1744
1173
2820
4604
3041
3380
2311
4861
3004
4426
4542
733
1859
2249
4765
4168
2717
4523
3394
3513
2277
4034
2159
1300
392
1077
2178
2547
1485
4341
1370
3736
4163
3370
2705
3219
4275
4005
2388
187
2577
4996
1514
2577
1244
1244
3653
1455
1455
2807
1782
730
730
1462
1924
1705
1924
1721
365
1705
1721
93
93
1538
38
38
919
919
4718
3556
676
2864
3556
51
51
1658
1489
1658
1406
1489
2686
274
274
3230
2624
2624
3833
2726
2423
2726
4425
1388
1388
375
375
2374
859
2374
827
827
4855
2757
1119
1119
1204
1768
3974
3796
4229
4609
4635
3336
1204
4264
4189
1914
1708
4189
1311
1311
4282
2740
1675
2740
1347
1347
1607
1607
3284
4598
4751
3490
3490
1040
1635
459
459
911
997
1337
1965
1965
3548
4254
1454
1454
17
17
116
491
1503
3869
532
4475
2838
3235
569
1835
4728
1262
1405
2851
822
4641
3006
4054
2546
491
3314
1490
1178
1178
3096
1828
1828
592
4018
331
331
3346
1532
1933
3346
20
20
4111
719
719
1637
452
452
1996
3450
73
73
3192
1890
952
3192
360
360
945
945
3818
2780
3220
3818
2240
2240
694
694
4620
2583
2583
1232
1232
2248
585
585
654
4998
250
250
651
4100
1164
651
2486
3940
1122
1122
3188
236
236
708
708
1147
1147
2825
697
697
2758
237
237
575
575
651
1570
2994
750
750
1764
1764
2377
4465
2166
2377
525
525
1000
1027
1291
222
222
1278
1278
1538
4879
2196
2196
3871
1733
4420
566
566
1821
270
270
1264
1264
3134
2370
3134
76
76
4917
4840
83
83
298
3957
2716
4063
4017
4281
2065
1252
649
1024
350
614
2336
432
2643
3128
1304
2405
663
382
4445
3059
4647
620
2853
2243
3568
2905
2849
3947
4093
4864
920
1139
3643
1440
712
2108
3075
847
361
1263
2313
1254
1280
385
544
967
2709
363
4057
2338
2831
3945
2295
1247
2557
3472
2668
3288
3400
4701
1508
840
766
1689
1137
4947
3879
4595
1423
2522
3333
964
489
298
818
818
1388
1091
1091
1311
4616
2753
4265
2673
4758
4952
3072
3125
4302
4165
3163
4047
4042
3121
1311
4477
3631
3917
259
259
321
1804
3789
4907
4851
3749
3910
321
1875
3928
1527
586
586
3592
4510
40
40
42
90
1099
1035
2966
4323
2149
2456
2489
2341
4309
4528
1565
1565
4142
4640
1921
1921
3377
461
461
3098
4095
2552
2552
15
15
42
2911
4590
3706
3858
2944
2878
1475
4069
3035
1327
1120
3626
2481
2382
4890
3214
4918
1073
42
3901
1680
3238
881
881
2386
4636
1343
1343
3750
2822
1250
1250
2134
4587
3643
476
476
669
1869
2218
4150
147
147
377
598
3712
3949
1975
4156
3442
3122
903
377
617
3983
2581
3851
3857
1951
2936
2922
4713
4579
2977
2484
617
3593
2666
1289
2666
4130
351
351
662
662
2526
4812
290
290
2126
270
270
281
281
380
380
2923
4554
677
677
5
5
27
4521
1340
1870
185
185
3321
1371
1371
2733
3503
3105
2048
3503
498
498
799
3445
2185
4809
799
2099
3479
1718
209
209
1418
3802
4389
2121
2121
2841
4372
186
186
1536
4914
2812
1699
2812
1469
984
984
2655
1494
1494
1971
4806
2915
2915
3421
3421
3962
2652
2652
3878
2053
2053
2866
3496
1658
1658
2043
3744
32
32
829
829
1441
1441
4563
2009
2814
1064
1064
1157
3255
252
252
403
2270
1510
1510
1595
4382
3234
1949
1595
4322
4992
1839
4322
631
631
3272
807
807
1166
1166
1269
2745
2163
1074
1074
4201
1333
2729
144
144
239
814
202
202
2767
4021
3995
3913
3995
4190
2071
2071
1575
1575
2432
3545
2595
3119
3545
172
172
4632
1360
1360
3131
2901
2218
3131
1230
2218
1055
1055
1217
1217
2689
3594
4715
623
623
1519
81
81
4173
369
369
962
962
4549
3397
443
3397
3657
229
229
472
2804
3922
3461
4151
3050
4829
4374
2613
3540
2935
4606
659
2301
4676
3847
4838
2254
2810
3383
3878
1838
1297
3628
4650
4764
3491
472
4929
3447
862
862
125
125
4219
3116
313
313
975
975
1061
1124
1205
3604
21
21
47
904
851
1556
2216
4666
4355
3446
2937
2128
1011
4936
3655
132
3484
4828
3027
1641
2730
1755
3790
883
3331
4498
2619
1325
3697
682
4965
2358
2162
1325
3807
4225
4769
1747
2057
2640
2515
4260
4861
2843
4599
366
4014
116
3146
1761
3345
4489
1194
2504
1683
232
2844
855
2198
4050
1562
704
4392
4007
2394
3754
291
233
4081
3271
3312
1186
4916
2154
3079
2971
2931
811
2004
3392
2492
513
978
3074
4694
3844
3067
1864
3671
4525
949
422
3836
3996
3904
1754
4714
1816
3939
4492
3822
1115
1816
3716
4495
4568
841
3993
3120
3683
2348
47
90
4056
155
761
3304
126
126
1199
2307
3242
837
837
1214
1273
1416
22
22
70
4112
2177
1160
1357
330
330
4026
675
675
792
3990
3056
2868
1026
792
3771
2537
4039
50
50
2261
2660
3620
1865
2660
590
590
1553
1625
990
990
4183
587
587
1551
26
26
424
424
1726
1408
1408
2097
1491
2667
224
224
2699
2699
4078
1992
4078
4429
1824
1824
3642
2058
2058
2696
127
127
681
4671
4771
2142
681
3176
3191
4550
791
791
3907
1191
821
821
4747
1590
1590
362
362
2346
2776
2353
2347
2776
995
995
3342
1442
1442
1032
1032
1211
240
240
531
1809
1888
3801
90
90
266
310
333
1774
4938
4712
3203
3113
2225
2225
3158
3052
10
10
2157
4877
713
713
3848
18
18
56
65
65
3471
4071
293
4378
4014
1518
1820
1820
3278
3278
3508
4944
519
519
561
391
391
1101
3909
3526
910
910
3505
935
989
3505
602
602
3277
1404
3327
111
111
122
539
4883
2100
1509
4560
2294
826
1466
2006
4148
1986
2006
668
1986
540
540
4756
2500
4053
701
701
1012
3670
440
440
918
301
301
2796
2444
2444
2764
96
96
188
4539
555
3399
1999
1866
1999
4957
401
401
481
1561
3049
3531
3532
1599
1561
2620
4138
3933
1522
2620
3933
1409
1409
4570
4083
2147
4083
1217
1217
4757
2679
607
607
2116
2116
2528
4303
3145
960
3145
282
282
287
609
4621
3055
1880
1126
287
845
425
425
3646
1014
431
431
828
4011
2409
1270
1270
1603
1603
4401
2975
1084
1084
2602
3527
188
188
4293
4955
141
141
1585
1585
3154
1779
539
3154
404
404
4605
4064
400
400
539
769
3827
1505
69
69
3578
2876
3212
3578
343
343
1028
2008
2690
1535
1028
3350
3282
4375
1672
1672
2115
70
70
2129
3110
615
2129
3110
4
4
119
2755
3111
2549
3761
4729
4025
3
3
8
21
52
2098
1032
912
1987
4552
3469
2818
1787
794
4792
2886
2363
1795
8
21
2846
2081
1271
3710
3115
3291
4485
2477
21
27
2406
3126
1480
3150
3394
3065
3065
3241
2304
387
387
474
4454
3956
4164
3897
2995
3786
1473
4012
779
474
2651
1849
3087
645
645
721
1397
4433
1981
1397
4699
2392
4437
1827
2392
1730
1730
4231
218
218
426
698
698
700
1819
2924
4282
207
207
333
2596
3176
3567
2447
3931
4037
2026
2616
2650
4844
1056
333
777
777
1374
1768
1768
4168
1840
1021
1021
2967
3153
4258
611
611
3184
1336
1336
1498
1498
3916
3755
2560
2560
65
65
2042
2042
3673
3332
880
880
3317
1142
1142
3438
1334
1334
4867
3342
3342
1231
2410
666
1231
2410
119
119
130
867
1318
1413
2715
900
108
108
1308
2735
4970
1703
1703
2051
2175
2320
1677
2175
138
138
1425
4622
2839
2839
4049
1450
1450
741
2754
162
162
456
2109
511
456
4198
1387
1387
1622
2431
2431
2667
669
669
813
3764
340
340
560
165
165
256
3426
742
2899
943
3117
338
338
1628
1628
1696
1195
521
521
4075
1156
831
1156
376
376
3114
1135
890
890
1229
1857
4732
222
222
2436
4693
1207
2436
801
1207
263
263
993
993
2067
1592
2067
4263
464
1592
4263
52
52
100
2391
2870
407
4139
1170
864
864
1634
1868
1868
3444
1764
256
1764
4500
71
71
140
4973
4921
4751
2625
4073
1457
60
60
1331
533
533
955
3656
82
82
115
3535
3832
3523
1038
1038
1287
3923
2609
959
959
3366
4710
3516
395
3516
846
316
316
1569
3064
4449
261
261
359
795
1190
1860
4985
1697
2789
2553
1610
4781
1967
359
359
1098
2707
2998
2210
2168
1512
3322
1328
1512
520
520
1197
1317
4737
4209
751
1205
541
541
957
957
2495
2495
3269
4524
626
626
731
731
2410
633
1098
1098
1694
1044
1044
3347
3347
3450
1955
1955
2439
3617
2567
226
226
1908
1474
1908
4791
787
787
3764
1739
1739
581
2559
4773
1506
1506
27
27
28
36
39
3727
4195
2562
4774
1972
3746
3088
4966
4227
4038
2803
1521
1496
1496
2564
1805
1205
1805
4614
328
328
2364
255
255
273
1811
4440
4659
4140
3374
4838
4381
2883
4834
273
1265
1009
3155
53
53
414
1009
4023
1712
2404
2350
339
339
1222
1702
1702
1954
4083
1788
1954
168
168
726
4990
1086
726
2079
2079
2079
2233
2233
2608
2608
2612
552
552
4738
3843
264
264
323
323
1481
411
878
113
113
2200
3708
4874
4443
2027
2027
107
107
133
2053
3812
2117
4961
768
1179
4255
1609
2856
3197
1743
1909
4876
1436
2206
3600
297
1476
2511
2397
4419
4900
2124
1393
2450
4051
599
3279
986
4269
1659
2299
2826
3590
374
1019
2968
1345
215
3144
3747
1504
4074
2938
3103
366
2701
1829
2614
3689
3467
3938
4326
3068
2710
2437
3605
1944
3262
1825
3507
3468
1611
808
988
3641
3638
1979
1111
4195
1031
133
2885
4376
1398
1398
2950
28
28
45
3817
160
92
2055
1713
2103
3166
3369
1048
2312
3302
4598
355
3413
3258
656
2317
1067
747
595
3107
4311
3206
4166
1381
1639
2746
144
3301
1358
319
4755
661
3701
4152
1299
4972
3853
1563
4617
2276
1679
4279
1725
937
2744
749
2061
3483
3338
1770
2253
3898
1655
993
143
2119
1172
1384
3129
4595
3195
479
3684
2615
3673
1731
1444
2722
3101
1425
3091
156
2784
3455
1687
248
2168
4188
2381
3723
4515
2213
466
1302
2509
2344
1057
2540
2597
4271
706
2149
1917
1305
4273
2387
142
2702
4855
2759
3950
4662
4975
1722
3504
823
1552
4451
1434
3236
260
2771
2046
4520
4221
4464
4594
2560
2232
635
2890
212
2462
843
313
2465
1740
2639
947
179
1100
2258
4289
3246
2064
2908
1107
3477
4978
4266
3564
1928
4563
3685
517
1636
4403
1013
4393
3714
3294
1293
468
2082
610
2178
4427
1361
895
4159
137
3742
3731
181
4127
3396
3448
2949
3337
4411
4743
3931
1570
4558
2472
2819
3988
535
154
979
685
4321
3811
4230
3626
4191
4507
2060
4361
4496
951
163
3487
1487
4786
1907
3736
203
1110
4536
1223
371
3740
2366
665
1437
2161
4120
2882
4028
4779
4436
1934
2024
2378
4750
2372
4644
1832
4481
3725
3151
509
1401
1225
896
3016
4107
122
928
2723
2939
1189
905
2972
2401
3545
1615
353
3942
4059
3532
534
1484
974
4657
3223
1585
3971
3190
1419
45
3412
1719
1242
1719
3445
34
34
199
200
1116
3315
3763
3473
2025
1833
102
1848
1848
3492
4236
502
502
1548
1548
4224
4790
465
465
3038
4964
1448
1448
1566
2829
2270
2270
2625
3343
2131
2625
1187
2131
200
200
1535
715
390
390
448
2861
2486
3581
3572
2352
2293
448
965
759
965
1024
482
759
870
1507
36
36
152
176
242
1034
3217
1966
2469
2139
2606
3495
591
588
588
1559
1559
2003
956
4367
258
258
2562
4160
413
413
776
3870
792
44
44
860
100
100
100
130
176
3138
3106
4325
2324
3983
2059
3579
4246
1142
2635
1060
1060
2287
203
570
570
641
842
268
268
4904
2834
450
2834
4048
130
130
292
763
1568
3884
4091
2777
2535
2516
755
2836
3228
4032
2029
292
2555
2555
2991
2991
3118
1153
3103
416
416
3571
3419
1129
1129
1154
2588
4979
1154
1154
737
737
3528
1451
1451
2321
199
199
294
3520
1477
1477
3135
2202
3135
2030
1080
1080
1994
2756
3510
176
176
235
4526
4651
4800
3207
242
242
307
307
3432
1683
98
98
245
245
379
1831
4638
2345
2345
3030
1042
309
309
1066
4434
992
1066
4434
379
379
420
420
992
4240
4413
4407
3664
4184
2480
3664
96
96
201
3603
1385
812
1385
1096
1096
2089
4578
1844
1844
4833
2124
39
39
414
3339
3353
1513
140
140
485
1964
4469
56
478
1580
295
295
295
377
478
1019
1741
1844
2916
3264
2461
1499
2461
1093
1093
4442
3100
219
219
563
2678
3608
830
1095
3799
2456
1685
4887
1128
1128
1360
2153
2795
2982
2688
2688
4623
3365
414
414
2781
2870
4038
4098
4951
1209
1209
1356
3249
2408
2408
4945
2683
563
563
3194
1850
3194
2768
931
931
4029
4655
1616
1616
1095
1095
1648
1360
1360
1432
2308
2525
3589
1019
1019
1888
4760
377
377
2670
2015
2507
1799
1799
2079
1583
115
115
231
1281
1210
4726
4742
3542
2714
3048
3972
816
3541
3886
819
2507
231
640
2587
235
235
689
1715
3745
48
640
1529
2514
2514
4891
2779
326
2514
283
283
716
545
2586
2954
553
553
1028
1028
4479
1913
124
124
2736
3893
155
2736
897
897
4517
2958
318
1916
4726
