Filename: rev10K.dat

Sorted Data
1
11
41
71
131
9996
9995
9994
9993
9992
9991
9990
9989
9988
9987
9986
9985
9984
9983
9982
9981
9980
9979
9978
9977
9976
9975
9974
9973
9972
9971
9970
9969
9968
9967
9966
9965
9964
9963
9962
9961
9960
9959
9958
9957
9956
9955
9954
9953
9952
9959
9950
9957
9948
9955
9946
9953
9944
9951
9942
9949
9940
9947
9938
9945
9936
9943
9934
9941
9932
9939
9930
9937
9928
9935
9926
9933
9924
9931
9922
9929
9920
9927
9918
9925
9916
9923
9914
9921
9912
9919
9910
9917
9908
9915
9906
9913
9904
9911
9902
9909
9900
9907
9898
9905
9896
9903
9894
9901
9892
9899
9890
9897
9888
9895
9886
9893
9884
9891
9882
9899
9880
9897
9878
9895
9876
9893
9874
9891
9872
9879
9870
9877
9868
9875
9866
9873
9864
9871
9862
9879
9860
9877
9858
9875
9856
9873
9854
9871
9852
9859
9850
9857
9848
9855
9846
9853
9844
9851
9842
9859
9840
9857
9838
9855
9836
9853
9834
9851
9832
9839
9830
9837
9828
9835
9826
9833
9824
9831
9822
9839
9820
9837
9818
9835
9816
9833
9814
9831
9812
9819
9810
9817
9808
9815
9806
9813
9804
9811
9802
9819
9800
9817
9798
9815
9796
9813
9794
9811
9792
9799
9790
9797
9788
9795
9786
9793
9784
9791
9782
9799
9780
9797
9778
9795
9776
9793
9774
9791
9772
9779
9770
9777
9768
9775
9766
9773
9764
9771
9762
9779
9760
9777
9758
9775
9756
9773
9754
9771
9752
9759
9750
9757
9748
9755
9746
9753
9744
9751
9742
9759
9740
9757
9738
9755
9736
9753
9734
9751
9732
9739
9730
9737
9728
9735
9726
9733
9724
9731
9722
9739
9720
9737
9718
9735
9716
9733
9714
9731
9712
9719
9710
9717
9708
9715
9706
9713
9704
9711
9702
9719
9700
9717
9698
9715
9696
9713
9694
9711
9692
9699
9690
9697
9688
9695
9686
9693
9684
9691
9682
9699
9680
9697
9678
9695
9676
9693
9674
9691
9672
9679
9670
9677
9668
9675
9666
9673
9664
9671
9662
9679
9660
9677
9658
9675
9656
9673
9654
9671
9652
9659
9650
9657
9648
9655
9646
9653
9644
9651
9642
9659
9640
9657
9638
9655
9636
9653
9634
9651
9632
9639
9630
9637
9628
9635
9626
9633
9624
9631
9622
9639
9620
9637
9618
9635
9616
9633
9614
9631
9612
9619
9610
9617
9608
9615
9606
9613
9604
9611
9602
9619
9600
9617
9598
9615
9596
9613
9594
9611
9592
9599
9590
9597
9588
9595
9586
9593
9584
9591
9582
9599
9580
9597
9578
9595
9576
9593
9574
9591
9572
9579
9570
9577
9568
9575
9566
9573
9564
9571
9562
9579
9560
9577
9558
9575
9556
9573
9554
9571
9552
9559
9550
9557
9548
9555
9546
9553
9544
9551
9542
9559
9540
9557
9538
9555
9536
9553
9534
9551
9532
9539
9530
9537
9528
9535
9526
9533
9524
9531
9522
9539
9520
9537
9518
9535
9516
9533
9514
9531
9512
9519
9510
9517
9508
9515
9506
9513
9504
9511
9502
9519
9500
9517
9498
9515
9496
9513
9494
9511
9492
9499
9490
9497
9488
9495
9486
9493
9484
9491
9482
9499
9480
9497
9478
9495
9476
9493
9474
9491
9472
9479
9470
9477
9468
9475
9466
9473
9464
9471
9462
9479
9460
9477
9458
9475
9456
9473
9454
9471
9452
9459
9450
9457
9448
9455
9446
9453
9444
9451
9442
9459
9440
9457
9438
9455
9436
9453
9434
9451
9432
9439
9430
9437
9428
9435
9426
9433
9424
9431
9422
9439
9420
9437
9418
9435
9416
9433
9414
9431
9412
9419
9410
9417
9408
9415
9406
9413
9404
9411
9402
9419
9400
9417
9398
9415
9396
9413
9394
9411
9392
9399
9390
9397
9388
9395
9386
9393
9384
9391
9382
9399
9380
9397
9378
9395
9376
9393
9374
9391
9372
9379
9370
9377
9368
9375
9366
9373
9364
9371
9362
9379
9360
9377
9358
9375
9356
9373
9354
9371
9352
9359
9350
9357
9348
9355
9346
9353
9344
9351
9342
9359
9340
9357
9338
9355
9336
9353
9334
9351
9332
9339
9330
9337
9328
9335
9326
9333
9324
9331
9322
9339
9320
9337
9318
9335
9316
9333
9314
9331
9312
9319
9310
9317
9308
9315
9306
9313
9304
9311
9302
9319
9300
9317
9298
9315
9296
9313
9294
9311
9292
9299
9290
9297
9288
9295
9286
9293
9284
9291
9282
9299
9280
9297
9278
9295
9276
9293
9274
9291
9272
9279
9270
9277
9268
9275
9266
9273
9264
9271
9262
9279
9260
9277
9258
9275
9256
9273
9254
9271
9252
9259
9250
9257
9248
9255
9246
9253
9244
9251
9242
9259
9240
9257
9238
9255
9236
9253
9234
9251
9232
9239
9230
9237
9228
9235
9226
9233
9224
9231
9222
9239
9220
9237
9218
9235
9216
9233
9214
9231
9212
9219
9210
9217
9208
9215
9206
9213
9204
9211
9202
9219
9200
9217
9198
9215
9196
9213
9194
9211
9192
9199
9190
9197
9188
9195
9186
9193
9184
9191
9182
9199
9180
9197
9178
9195
9176
9193
9174
9191
9172
9179
9170
9177
9168
9175
9166
9173
9164
9171
9162
9179
9160
9177
9158
9175
9156
9173
9154
9171
9152
9159
9150
9157
9148
9155
9146
9153
9144
9151
9142
9159
9140
9157
9138
9155
9136
9153
9134
9151
9132
9139
9130
9137
9128
9135
9126
9133
9124
9131
9122
9139
9120
9137
9118
9135
9116
9133
9114
9131
9112
9119
9110
9117
9108
9115
9106
9113
9104
9111
9102
9119
9100
9117
9098
9115
9096
9113
9094
9111
9092
9099
9090
9097
9088
9095
9086
9093
9084
9091
9082
9099
9080
9097
9078
9095
9076
9093
9074
9091
9072
9079
9070
9077
9068
9075
9066
9073
9064
9071
9062
9079
9060
9077
9058
9075
9056
9073
9054
9071
9052
9059
9050
9057
9048
9055
9046
9053
9044
9051
9042
9059
9040
9057
9038
9055
9036
9053
9034
9051
9032
9039
9030
9037
9028
9035
9026
9033
9024
9031
9022
9039
9020
9037
9018
9035
9016
9033
9014
9031
9012
9019
9010
9017
9008
9015
9006
9013
9004
9011
9002
9019
9000
9017
8998
9015
8996
9013
8994
9011
8992
8999
8990
8997
8988
8995
8986
8993
8984
8991
8982
8999
8980
8997
8978
8995
8976
8993
8974
8991
8972
8979
8970
8977
8968
8975
8966
8973
8964
8971
8962
8979
8960
8977
8958
8975
8956
8973
8954
8971
8952
8959
8950
8957
8948
8955
8946
8953
8944
8951
8942
8959
8940
8957
8938
8955
8936
8953
8934
8951
8932
8939
8930
8937
8928
8935
8926
8933
8924
8931
8922
8939
8920
8937
8918
8935
8916
8933
8914
8931
8912
8919
8910
8917
8908
8915
8906
8913
8904
8911
8902
8919
8900
8917
8898
8915
8896
8913
8894
8911
8892
8899
8890
8897
8888
8895
8886
8893
8884
8891
8882
8899
8880
8897
8878
8895
8876
8893
8874
8891
8872
8879
8870
8877
8868
8875
8866
8873
8864
8871
8862
8879
8860
8877
8858
8875
8856
8873
8854
8871
8852
8859
8850
8857
8848
8855
8846
8853
8844
8851
8842
8859
8840
8857
8838
8855
8836
8853
8834
8851
8832
8839
8830
8837
8828
8835
8826
8833
8824
8831
8822
8839
8820
8837
8818
8835
8816
8833
8814
8831
8812
8819
8810
8817
8808
8815
8806
8813
8804
8811
8802
8819
8800
8817
8798
8815
8796
8813
8794
8811
8792
8799
8790
8797
8788
8795
8786
8793
8784
8791
8782
8799
8780
8797
8778
8795
8776
8793
8774
8791
8772
8779
8770
8777
8768
8775
8766
8773
8764
8771
8762
8779
8760
8777
8758
8775
8756
8773
8754
8771
8752
8759
8750
8757
8748
8755
8746
8753
8744
8751
8742
8759
8740
8757
8738
8755
8736
8753
8734
8751
8732
8739
8730
8737
8728
8735
8726
8733
8724
8731
8722
8739
8720
8737
8718
8735
8716
8733
8714
8731
8712
8719
8710
8717
8708
8715
8706
8713
8704
8711
8702
8719
8700
8717
8698
8715
8696
8713
8694
8711
8692
8699
8690
8697
8688
8695
8686
8693
8684
8691
8682
8699
8680
8697
8678
8695
8676
8693
8674
8691
8672
8679
8670
8677
8668
8675
8666
8673
8664
8671
8662
8679
8660
8677
8658
8675
8656
8673
8654
8671
8652
8659
8650
8657
8648
8655
8646
8653
8644
8651
8642
8659
8640
8657
8638
8655
8636
8653
8634
8651
8632
8639
8630
8637
8628
8635
8626
8633
8624
8631
8622
8639
8620
8637
8618
8635
8616
8633
8614
8631
8612
8619
8610
8617
8608
8615
8606
8613
8604
8611
8602
8619
8600
8617
8598
8615
8596
8613
8594
8611
8592
8599
8590
8597
8588
8595
8586
8593
8584
8591
8582
8599
8580
8597
8578
8595
8576
8593
8574
8591
8572
8579
8570
8577
8568
8575
8566
8573
8564
8571
8562
8579
8560
8577
8558
8575
8556
8573
8554
8571
8552
8559
8550
8557
8548
8555
8546
8553
8544
8551
8542
8559
8540
8557
8538
8555
8536
8553
8534
8551
8532
8539
8530
8537
8528
8535
8526
8533
8524
8531
8522
8539
8520
8537
8518
8535
8516
8533
8514
8531
8512
8519
8510
8517
8508
8515
8506
8513
8504
8511
8502
8519
8500
8517
8498
8515
8496
8513
8494
8511
8492
8499
8490
8497
8488
8495
8486
8493
8484
8491
8482
8499
8480
8497
8478
8495
8476
8493
8474
8491
8472
8479
8470
8477
8468
8475
8466
8473
8464
8471
8462
8479
8460
8477
8458
8475
8456
8473
8454
8471
8452
8459
8450
8457
8448
8455
8446
8453
8444
8451
8442
8459
8440
8457
8438
8455
8436
8453
8434
8451
8432
8439
8430
8437
8428
8435
8426
8433
8424
8431
8422
8439
8420
8437
8418
8435
8416
8433
8414
8431
8412
8419
8410
8417
8408
8415
8406
8413
8404
8411
8402
8419
8400
8417
8398
8415
8396
8413
8394
8411
8392
8399
8390
8397
8388
8395
8386
8393
8384
8391
8382
8399
8380
8397
8378
8395
8376
8393
8374
8391
8372
8379
8370
8377
8368
8375
8366
8373
8364
8371
8362
8379
8360
8377
8358
8375
8356
8373
8354
8371
8352
8359
8350
8357
8348
8355
8346
8353
8344
8351
8342
8359
8340
8357
8338
8355
8336
8353
8334
8351
8332
8339
8330
8337
8328
8335
8326
8333
8324
8331
8322
8339
8320
8337
8318
8335
8316
8333
8314
8331
8312
8319
8310
8317
8308
8315
8306
8313
8304
8311
8302
8319
8300
8317
8298
8315
8296
8313
8294
8311
8292
8299
8290
8297
8288
8295
8286
8293
8284
8291
8282
8299
8280
8297
8278
8295
8276
8293
8274
8291
8272
8279
8270
8277
8268
8275
8266
8273
8264
8271
8262
8279
8260
8277
8258
8275
8256
8273
8254
8271
8252
8259
8250
8257
8248
8255
8246
8253
8244
8251
8242
8259
8240
8257
8238
8255
8236
8253
8234
8251
8232
8239
8230
8237
8228
8235
8226
8233
8224
8231
8222
8239
8220
8237
8218
8235
8216
8233
8214
8231
8212
8219
8210
8217
8208
8215
8206
8213
8204
8211
8202
8219
8200
8217
8198
8215
8196
8213
8194
8211
8192
8199
8190
8197
8188
8195
8186
8193
8184
8191
8182
8199
8180
8197
8178
8195
8176
8193
8174
8191
8172
8179
8170
8177
8168
8175
8166
8173
8164
8171
8162
8179
8160
8177
8158
8175
8156
8173
8154
8171
8152
8159
8150
8157
8148
8155
8146
8153
8144
8151
8142
8159
8140
8157
8138
8155
8136
8153
8134
8151
8132
8139
8130
8137
8128
8135
8126
8133
8124
8131
8122
8139
8120
8137
8118
8135
8116
8133
8114
8131
8112
8119
8110
8117
8108
8115
8106
8113
8104
8111
8102
8119
8100
8117
8098
8115
8096
8113
8094
8111
8092
8099
8090
8097
8088
8095
8086
8093
8084
8091
8082
8099
8080
8097
8078
8095
8076
8093
8074
8091
8072
8079
8070
8077
8068
8075
8066
8073
8064
8071
8062
8079
8060
8077
8058
8075
8056
8073
8054
8071
8052
8059
8050
8057
8048
8055
8046
8053
8044
8051
8042
8059
8040
8057
8038
8055
8036
8053
8034
8051
8032
8039
8030
8037
8028
8035
8026
8033
8024
8031
8022
8039
8020
8037
8018
8035
8016
8033
8014
8031
8012
8019
8010
8017
8008
8015
8006
8013
8004
8011
8002
8019
8000
8017
7998
8015
7996
8013
7994
8011
7992
7999
7990
7997
7988
7995
7986
7993
7984
7991
7982
7999
7980
7997
7978
7995
7976
7993
7974
7991
7972
7979
7970
7977
7968
7975
7966
7973
7964
7971
7962
7979
7960
7977
7958
7975
7956
7973
7954
7971
7952
7959
7950
7957
7948
7955
7946
7953
7944
7951
7942
7959
7940
7957
7938
7955
7936
7953
7934
7951
7932
7939
7930
7937
7928
7935
7926
7933
7924
7931
7922
7939
7920
7937
7918
7935
7916
7933
7914
7931
7912
7919
7910
7917
7908
7915
7906
7913
7904
7911
7902
7919
7900
7917
7898
7915
7896
7913
7894
7911
7892
7899
7890
7897
7888
7895
7886
7893
7884
7891
7882
7899
7880
7897
7878
7895
7876
7893
7874
7891
7872
7879
7870
7877
7868
7875
7866
7873
7864
7871
7862
7879
7860
7877
7858
7875
7856
7873
7854
7871
7852
7859
7850
7857
7848
7855
7846
7853
7844
7851
7842
7859
7840
7857
7838
7855
7836
7853
7834
7851
7832
7839
7830
7837
7828
7835
7826
7833
7824
7831
7822
7839
7820
7837
7818
7835
7816
7833
7814
7831
7812
7819
7810
7817
7808
7815
7806
7813
7804
7811
7802
7819
7800
7817
7798
7815
7796
7813
7794
7811
7792
7799
7790
7797
7788
7795
7786
7793
7784
7791
7782
7799
7780
7797
7778
7795
7776
7793
7774
7791
7772
7779
7770
7777
7768
7775
7766
7773
7764
7771
7762
7779
7760
7777
7758
7775
7756
7773
7754
7771
7752
7759
7750
7757
7748
7755
7746
7753
7744
7751
7742
7759
7740
7757
7738
7755
7736
7753
7734
7751
7732
7739
7730
7737
7728
7735
7726
7733
7724
7731
7722
7739
7720
7737
7718
7735
7716
7733
7714
7731
7712
7719
7710
7717
7708
7715
7706
7713
7704
7711
7702
7719
7700
7717
7698
7715
7696
7713
7694
7711
7692
7699
7690
7697
7688
7695
7686
7693
7684
7691
7682
7699
7680
7697
7678
7695
7676
7693
7674
7691
7672
7679
7670
7677
7668
7675
7666
7673
7664
7671
7662
7679
7660
7677
7658
7675
7656
7673
7654
7671
7652
7659
7650
7657
7648
7655
7646
7653
7644
7651
7642
7659
7640
7657
7638
7655
7636
7653
7634
7651
7632
7639
7630
7637
7628
7635
7626
7633
7624
7631
7622
7639
7620
7637
7618
7635
7616
7633
7614
7631
7612
7619
7610
7617
7608
7615
7606
7613
7604
7611
7602
7619
7600
7617
7598
7615
7596
7613
7594
7611
7592
7599
7590
7597
7588
7595
7586
7593
7584
7591
7582
7599
7580
7597
7578
7595
7576
7593
7574
7591
7572
7579
7570
7577
7568
7575
7566
7573
7564
7571
7562
7579
7560
7577
7558
7575
7556
7573
7554
7571
7552
7559
7550
7557
7548
7555
7546
7553
7544
7551
7542
7559
7540
7557
7538
7555
7536
7553
7534
7551
7532
7539
7530
7537
7528
7535
7526
7533
7524
7531
7522
7539
7520
7537
7518
7535
7516
7533
7514
7531
7512
7519
7510
7517
7508
7515
7506
7513
7504
7511
7502
7519
7500
7517
7498
7515
7496
7513
7494
7511
7492
7499
7490
7497
7488
7495
7486
7493
7484
7491
7482
7499
7480
7497
7478
7495
7476
7493
7474
7491
7472
7479
7470
7477
7468
7475
7466
7473
7464
7471
7462
7479
7460
7477
7458
7475
7456
7473
7454
7471
7452
7459
7450
7457
7448
7455
7446
7453
7444
7451
7442
7459
7440
7457
7438
7455
7436
7453
7434
7451
7432
7439
7430
7437
7428
7435
7426
7433
7424
7431
7422
7439
7420
7437
7418
7435
7416
7433
7414
7431
7412
7419
7410
7417
7408
7415
7406
7413
7404
7411
7402
7419
7400
7417
7398
7415
7396
7413
7394
7411
7392
7399
7390
7397
7388
7395
7386
7393
7384
7391
7382
7399
7380
7397
7378
7395
7376
7393
7374
7391
7372
7379
7370
7377
7368
7375
7366
7373
7364
7371
7362
7379
7360
7377
7358
7375
7356
7373
7354
7371
7352
7359
7350
7357
7348
7355
7346
7353
7344
7351
7342
7359
7340
7357
7338
7355
7336
7353
7334
7351
7332
7339
7330
7337
7328
7335
7326
7333
7324
7331
7322
7339
7320
7337
7318
7335
7316
7333
7314
7331
7312
7319
7310
7317
7308
7315
7306
7313
7304
7311
7302
7319
7300
7317
7298
7315
7296
7313
7294
7311
7292
7299
7290
7297
7288
7295
7286
7293
7284
7291
7282
7299
7280
7297
7278
7295
7276
7293
7274
7291
7272
7279
7270
7277
7268
7275
7266
7273
7264
7271
7262
7279
7260
7277
7258
7275
7256
7273
7254
7271
7252
7259
7250
7257
7248
7255
7246
7253
7244
7251
7242
7259
7240
7257
7238
7255
7236
7253
7234
7251
7232
7239
7230
7237
7228
7235
7226
7233
7224
7231
7222
7239
7220
7237
7218
7235
7216
7233
7214
7231
7212
7219
7210
7217
7208
7215
7206
7213
7204
7211
7202
7219
7200
7217
7198
7215
7196
7213
7194
7211
7192
7199
7190
7197
7188
7195
7186
7193
7184
7191
7182
7199
7180
7197
7178
7195
7176
7193
7174
7191
7172
7179
7170
7177
7168
7175
7166
7173
7164
7171
7162
7179
7160
7177
7158
7175
7156
7173
7154
7171
7152
7159
7150
7157
7148
7155
7146
7153
7144
7151
7142
7159
7140
7157
7138
7155
7136
7153
7134
7151
7132
7139
7130
7137
7128
7135
7126
7133
7124
7131
7122
7139
7120
7137
7118
7135
7116
7133
7114
7131
7112
7119
7110
7117
7108
7115
7106
7113
7104
7111
7102
7119
7100
7117
7098
7115
7096
7113
7094
7111
7092
7099
7090
7097
7088
7095
7086
7093
7084
7091
7082
7099
7080
7097
7078
7095
7076
7093
7074
7091
7072
7079
7070
7077
7068
7075
7066
7073
7064
7071
7062
7079
7060
7077
7058
7075
7056
7073
7054
7071
7052
7059
7050
7057
7048
7055
7046
7053
7044
7051
7042
7059
7040
7057
7038
7055
7036
7053
7034
7051
7032
7039
7030
7037
7028
7035
7026
7033
7024
7031
7022
7039
7020
7037
7018
7035
7016
7033
7014
7031
7012
7019
7010
7017
7008
7015
7006
7013
7004
7011
7002
7019
7000
7017
6998
7015
6996
7013
6994
7011
6992
6999
6990
6997
6988
6995
6986
6993
6984
6991
6982
6999
6980
6997
6978
6995
6976
6993
6974
6991
6972
6979
6970
6977
6968
6975
6966
6973
6964
6971
6962
6979
6960
6977
6958
6975
6956
6973
6954
6971
6952
6959
6950
6957
6948
6955
6946
6953
6944
6951
6942
6959
6940
6957
6938
6955
6936
6953
6934
6951
6932
6939
6930
6937
6928
6935
6926
6933
6924
6931
6922
6939
6920
6937
6918
6935
6916
6933
6914
6931
6912
6919
6910
6917
6908
6915
6906
6913
6904
6911
6902
6919
6900
6917
6898
6915
6896
6913
6894
6911
6892
6899
6890
6897
6888
6895
6886
6893
6884
6891
6882
6899
6880
6897
6878
6895
6876
6893
6874
6891
6872
6879
6870
6877
6868
6875
6866
6873
6864
6871
6862
6879
6860
6877
6858
6875
6856
6873
6854
6871
6852
6859
6850
6857
6848
6855
6846
6853
6844
6851
6842
6859
6840
6857
6838
6855
6836
6853
6834
6851
6832
6839
6830
6837
6828
6835
6826
6833
6824
6831
6822
6839
6820
6837
6818
6835
6816
6833
6814
6831
6812
6819
6810
6817
6808
6815
6806
6813
6804
6811
6802
6819
6800
6817
6798
6815
6796
6813
6794
6811
6792
6799
6790
6797
6788
6795
6786
6793
6784
6791
6782
6799
6780
6797
6778
6795
6776
6793
6774
6791
6772
6779
6770
6777
6768
6775
6766
6773
6764
6771
6762
6779
6760
6777
6758
6775
6756
6773
6754
6771
6752
6759
6750
6757
6748
6755
6746
6753
6744
6751
6742
6759
6740
6757
6738
6755
6736
6753
6734
6751
6732
6739
6730
6737
6728
6735
6726
6733
6724
6731
6722
6739
6720
6737
6718
6735
6716
6733
6714
6731
6712
6719
6710
6717
6708
6715
6706
6713
6704
6711
6702
6719
6700
6717
6698
6715
6696
6713
6694
6711
6692
6699
6690
6697
6688
6695
6686
6693
6684
6691
6682
6699
6680
6697
6678
6695
6676
6693
6674
6691
6672
6679
6670
6677
6668
6675
6666
6673
6664
6671
6662
6679
6660
6677
6658
6675
6656
6673
6654
6671
6652
6659
6650
6657
6648
6655
6646
6653
6644
6651
6642
6659
6640
6657
6638
6655
6636
6653
6634
6651
6632
6639
6630
6637
6628
6635
6626
6633
6624
6631
6622
6639
6620
6637
6618
6635
6616
6633
6614
6631
6612
6619
6610
6617
6608
6615
6606
6613
6604
6611
6602
6619
6600
6617
6598
6615
6596
6613
6594
6611
6592
6599
6590
6597
6588
6595
6586
6593
6584
6591
6582
6599
6580
6597
6578
6595
6576
6593
6574
6591
6572
6579
6570
6577
6568
6575
6566
6573
6564
6571
6562
6579
6560
6577
6558
6575
6556
6573
6554
6571
6552
6559
6550
6557
6548
6555
6546
6553
6544
6551
6542
6559
6540
6557
6538
6555
6536
6553
6534
6551
6532
6539
6530
6537
6528
6535
6526
6533
6524
6531
6522
6539
6520
6537
6518
6535
6516
6533
6514
6531
6512
6519
6510
6517
6508
6515
6506
6513
6504
6511
6502
6519
6500
6517
6498
6515
6496
6513
6494
6511
6492
6499
6490
6497
6488
6495
6486
6493
6484
6491
6482
6499
6480
6497
6478
6495
6476
6493
6474
6491
6472
6479
6470
6477
6468
6475
6466
6473
6464
6471
6462
6479
6460
6477
6458
6475
6456
6473
6454
6471
6452
6459
6450
6457
6448
6455
6446
6453
6444
6451
6442
6459
6440
6457
6438
6455
6436
6453
6434
6451
6432
6439
6430
6437
6428
6435
6426
6433
6424
6431
6422
6439
6420
6437
6418
6435
6416
6433
6414
6431
6412
6419
6410
6417
6408
6415
6406
6413
6404
6411
6402
6419
6400
6417
6398
6415
6396
6413
6394
6411
6392
6399
6390
6397
6388
6395
6386
6393
6384
6391
6382
6399
6380
6397
6378
6395
6376
6393
6374
6391
6372
6379
6370
6377
6368
6375
6366
6373
6364
6371
6362
6379
6360
6377
6358
6375
6356
6373
6354
6371
6352
6359
6350
6357
6348
6355
6346
6353
6344
6351
6342
6359
6340
6357
6338
6355
6336
6353
6334
6351
6332
6339
6330
6337
6328
6335
6326
6333
6324
6331
6322
6339
6320
6337
6318
6335
6316
6333
6314
6331
6312
6319
6310
6317
6308
6315
6306
6313
6304
6311
6302
6319
6300
6317
6298
6315
6296
6313
6294
6311
6292
6299
6290
6297
6288
6295
6286
6293
6284
6291
6282
6299
6280
6297
6278
6295
6276
6293
6274
6291
6272
6279
6270
6277
6268
6275
6266
6273
6264
6271
6262
6279
6260
6277
6258
6275
6256
6273
6254
6271
6252
6259
6250
6257
6248
6255
6246
6253
6244
6251
6242
6259
6240
6257
6238
6255
6236
6253
6234
6251
6232
6239
6230
6237
6228
6235
6226
6233
6224
6231
6222
6239
6220
6237
6218
6235
6216
6233
6214
6231
6212
6219
6210
6217
6208
6215
6206
6213
6204
6211
6202
6219
6200
6217
6198
6215
6196
6213
6194
6211
6192
6199
6190
6197
6188
6195
6186
6193
6184
6191
6182
6199
6180
6197
6178
6195
6176
6193
6174
6191
6172
6179
6170
6177
6168
6175
6166
6173
6164
6171
6162
6179
6160
6177
6158
6175
6156
6173
6154
6171
6152
6159
6150
6157
6148
6155
6146
6153
6144
6151
6142
6159
6140
6157
6138
6155
6136
6153
6134
6151
6132
6139
6130
6137
6128
6135
6126
6133
6124
6131
6122
6139
6120
6137
6118
6135
6116
6133
6114
6131
6112
6119
6110
6117
6108
6115
6106
6113
6104
6111
6102
6119
6100
6117
6098
6115
6096
6113
6094
6111
6092
6099
6090
6097
6088
6095
6086
6093
6084
6091
6082
6099
6080
6097
6078
6095
6076
6093
6074
6091
6072
6079
6070
6077
6068
6075
6066
6073
6064
6071
6062
6079
6060
6077
6058
6075
6056
6073
6054
6071
6052
6059
6050
6057
6048
6055
6046
6053
6044
6051
6042
6059
6040
6057
6038
6055
6036
6053
6034
6051
6032
6039
6030
6037
6028
6035
6026
6033
6024
6031
6022
6039
6020
6037
6018
6035
6016
6033
6014
6031
6012
6019
6010
6017
6008
6015
6006
6013
6004
6011
6002
6019
6000
6017
5998
6015
5996
6013
5994
6011
5992
5999
5990
5997
5988
5995
5986
5993
5984
5991
5982
5999
5980
5997
5978
5995
5976
5993
5974
5991
5972
5979
5970
5977
5968
5975
5966
5973
5964
5971
5962
5979
5960
5977
5958
5975
5956
5973
5954
5971
5952
5959
5950
5957
5948
5955
5946
5953
5944
5951
5942
5959
5940
5957
5938
5955
5936
5953
5934
5951
5932
5939
5930
5937
5928
5935
5926
5933
5924
5931
5922
5939
5920
5937
5918
5935
5916
5933
5914
5931
5912
5919
5910
5917
5908
5915
5906
5913
5904
5911
5902
5919
5900
5917
5898
5915
5896
5913
5894
5911
5892
5899
5890
5897
5888
5895
5886
5893
5884
5891
5882
5899
5880
5897
5878
5895
5876
5893
5874
5891
5872
5879
5870
5877
5868
5875
5866
5873
5864
5871
5862
5879
5860
5877
5858
5875
5856
5873
5854
5871
5852
5859
5850
5857
5848
5855
5846
5853
5844
5851
5842
5859
5840
5857
5838
5855
5836
5853
5834
5851
5832
5839
5830
5837
5828
5835
5826
5833
5824
5831
5822
5839
5820
5837
5818
5835
5816
5833
5814
5831
5812
5819
5810
5817
5808
5815
5806
5813
5804
5811
5802
5819
5800
5817
5798
5815
5796
5813
5794
5811
5792
5799
5790
5797
5788
5795
5786
5793
5784
5791
5782
5799
5780
5797
5778
5795
5776
5793
5774
5791
5772
5779
5770
5777
5768
5775
5766
5773
5764
5771
5762
5779
5760
5777
5758
5775
5756
5773
5754
5771
5752
5759
5750
5757
5748
5755
5746
5753
5744
5751
5742
5759
5740
5757
5738
5755
5736
5753
5734
5751
5732
5739
5730
5737
5728
5735
5726
5733
5724
5731
5722
5739
5720
5737
5718
5735
5716
5733
5714
5731
5712
5719
5710
5717
5708
5715
5706
5713
5704
5711
5702
5719
5700
5717
5698
5715
5696
5713
5694
5711
5692
5699
5690
5697
5688
5695
5686
5693
5684
5691
5682
5699
5680
5697
5678
5695
5676
5693
5674
5691
5672
5679
5670
5677
5668
5675
5666
5673
5664
5671
5662
5679
5660
5677
5658
5675
5656
5673
5654
5671
5652
5659
5650
5657
5648
5655
5646
5653
5644
5651
5642
5659
5640
5657
5638
5655
5636
5653
5634
5651
5632
5639
5630
5637
5628
5635
5626
5633
5624
5631
5622
5639
5620
5637
5618
5635
5616
5633
5614
5631
5612
5619
5610
5617
5608
5615
5606
5613
5604
5611
5602
5619
5600
5617
5598
5615
5596
5613
5594
5611
5592
5599
5590
5597
5588
5595
5586
5593
5584
5591
5582
5599
5580
5597
5578
5595
5576
5593
5574
5591
5572
5579
5570
5577
5568
5575
5566
5573
5564
5571
5562
5579
5560
5577
5558
5575
5556
5573
5554
5571
5552
5559
5550
5557
5548
5555
5546
5553
5544
5551
5542
5559
5540
5557
5538
5555
5536
5553
5534
5551
5532
5539
5530
5537
5528
5535
5526
5533
5524
5531
5522
5539
5520
5537
5518
5535
5516
5533
5514
5531
5512
5519
5510
5517
5508
5515
5506
5513
5504
5511
5502
5519
5500
5517
5498
5515
5496
5513
5494
5511
5492
5499
5490
5497
5488
5495
5486
5493
5484
5491
5482
5499
5480
5497
5478
5495
5476
5493
5474
5491
5472
5479
5470
5477
5468
5475
5466
5473
5464
5471
5462
5479
5460
5477
5458
5475
5456
5473
5454
5471
5452
5459
5450
5457
5448
5455
5446
5453
5444
5451
5442
5459
5440
5457
5438
5455
5436
5453
5434
5451
5432
5439
5430
5437
5428
5435
5426
5433
5424
5431
5422
5439
5420
5437
5418
5435
5416
5433
5414
5431
5412
5419
5410
5417
5408
5415
5406
5413
5404
5411
5402
5419
5400
5417
5398
5415
5396
5413
5394
5411
5392
5399
5390
5397
5388
5395
5386
5393
5384
5391
5382
5399
5380
5397
5378
5395
5376
5393
5374
5391
5372
5379
5370
5377
5368
5375
5366
5373
5364
5371
5362
5379
5360
5377
5358
5375
5356
5373
5354
5371
5352
5359
5350
5357
5348
5355
5346
5353
5344
5351
5342
5359
5340
5357
5338
5355
5336
5353
5334
5351
5332
5339
5330
5337
5328
5335
5326
5333
5324
5331
5322
5339
5320
5337
5318
5335
5316
5333
5314
5331
5312
5319
5310
5317
5308
5315
5306
5313
5304
5311
5302
5319
5300
5317
5298
5315
5296
5313
5294
5311
5292
5299
5290
5297
5288
5295
5286
5293
5284
5291
5282
5299
5280
5297
5278
5295
5276
5293
5274
5291
5272
5279
5270
5277
5268
5275
5266
5273
5264
5271
5262
5279
5260
5277
5258
5275
5256
5273
5254
5271
5252
5259
5250
5257
5248
5255
5246
5253
5244
5251
5242
5259
5240
5257
5238
5255
5236
5253
5234
5251
5232
5239
5230
5237
5228
5235
5226
5233
5224
5231
5222
5239
5220
5237
5218
5235
5216
5233
5214
5231
5212
5219
5210
5217
5208
5215
5206
5213
5204
5211
5202
5219
5200
5217
5198
5215
5196
5213
5194
5211
5192
5199
5190
5197
5188
5195
5186
5193
5184
5191
5182
5199
5180
5197
5178
5195
5176
5193
5174
5191
5172
5179
5170
5177
5168
5175
5166
5173
5164
5171
5162
5179
5160
5177
5158
5175
5156
5173
5154
5171
5152
5159
5150
5157
5148
5155
5146
5153
5144
5151
5142
5159
5140
5157
5138
5155
5136
5153
5134
5151
5132
5139
5130
5137
5128
5135
5126
5133
5124
5131
5122
5139
5120
5137
5118
5135
5116
5133
5114
5131
5112
5119
5110
5117
5108
5115
5106
5113
5104
5111
5102
5119
5100
5117
5098
5115
5096
5113
5094
5111
5092
5099
5090
5097
5088
5095
5086
5093
5084
5091
5082
5099
5080
5097
5078
5095
5076
5093
5074
5091
5072
5079
5070
5077
5068
5075
5066
5073
5064
5071
5062
5079
5060
5077
5058
5075
5056
5073
5054
5071
5052
5059
5050
5057
5048
5055
5046
5053
5044
5051
5042
5059
5040
5057
5038
5055
5036
5053
5034
5051
5032
5039
5030
5037
5028
5035
5026
5033
5024
5031
5022
5039
5020
5037
5018
5035
5016
5033
5014
5031
5012
5019
5010
5017
5008
5015
5006
5013
5004
5011
5002
5019
5000
5017
4998
5015
4996
5013
4994
5011
4992
4999
4990
4997
4988
4995
4986
4993
4984
4991
4982
4999
4980
4997
4978
4995
4976
4993
4974
4991
4972
4979
4970
4977
4968
4975
4966
4973
4964
4971
4962
4979
4960
4977
4958
4975
4956
4973
4954
4971
4952
4959
4950
4957
4948
4955
4946
4953
4944
4951
4942
4959
4940
4957
4938
4955
4936
4953
4934
4951
4932
4939
4930
4937
4928
4935
4926
4933
4924
4931
4922
4939
4920
4937
4918
4935
4916
4933
4914
4931
4912
4919
4910
4917
4908
4915
4906
4913
4904
4911
4902
4919
4900
4917
4898
4915
4896
4913
4894
4911
4892
4899
4890
4897
4888
4895
4886
4893
4884
4891
4882
4899
4880
4897
4878
4895
4876
4893
4874
4891
4872
4879
4870
4877
4868
4875
4866
4873
4864
4871
4862
4879
4860
4877
4858
4875
4856
4873
4854
4871
4852
4859
4850
4857
4848
4855
4846
4853
4844
4851
4842
4859
4840
4857
4838
4855
4836
4853
4834
4851
4832
4839
4830
4837
4828
4835
4826
4833
4824
4831
4822
4839
4820
4837
4818
4835
4816
4833
4814
4831
4812
4819
4810
4817
4808
4815
4806
4813
4804
4811
4802
4819
4800
4817
4798
4815
4796
4813
4794
4811
4792
4799
4790
4797
4788
4795
4786
4793
4784
4791
4782
4799
4780
4797
4778
4795
4776
4793
4774
4791
4772
4779
4770
4777
4768
4775
4766
4773
4764
4771
4762
4779
4760
4777
4758
4775
4756
4773
4754
4771
4752
4759
4750
4757
4748
4755
4746
4753
4744
4751
4742
4759
4740
4757
4738
4755
4736
4753
4734
4751
4732
4739
4730
4737
4728
4735
4726
4733
4724
4731
4722
4739
4720
4737
4718
4735
4716
4733
4714
4731
4712
4719
4710
4717
4708
4715
4706
4713
4704
4711
4702
4719
4700
4717
4698
4715
4696
4713
4694
4711
4692
4699
4690
4697
4688
4695
4686
4693
4684
4691
4682
4699
4680
4697
4678
4695
4676
4693
4674
4691
4672
4679
4670
4677
4668
4675
4666
4673
4664
4671
4662
4679
4660
4677
4658
4675
4656
4673
4654
4671
4652
4659
4650
4657
4648
4655
4646
4653
4644
4651
4642
4659
4640
4657
4638
4655
4636
4653
4634
4651
4632
4639
4630
4637
4628
4635
4626
4633
4624
4631
4622
4639
4620
4637
4618
4635
4616
4633
4614
4631
4612
4619
4610
4617
4608
4615
4606
4613
4604
4611
4602
4619
4600
4617
4598
4615
4596
4613
4594
4611
4592
4599
4590
4597
4588
4595
4586
4593
4584
4591
4582
4599
4580
4597
4578
4595
4576
4593
4574
4591
4572
4579
4570
4577
4568
4575
4566
4573
4564
4571
4562
4579
4560
4577
4558
4575
4556
4573
4554
4571
4552
4559
4550
4557
4548
4555
4546
4553
4544
4551
4542
4559
4540
4557
4538
4555
4536
4553
4534
4551
4532
4539
4530
4537
4528
4535
4526
4533
4524
4531
4522
4539
4520
4537
4518
4535
4516
4533
4514
4531
4512
4519
4510
4517
4508
4515
4506
4513
4504
4511
4502
4519
4500
4517
4498
4515
4496
4513
4494
4511
4492
4499
4490
4497
4488
4495
4486
4493
4484
4491
4482
4499
4480
4497
4478
4495
4476
4493
4474
4491
4472
4479
4470
4477
4468
4475
4466
4473
4464
4471
4462
4479
4460
4477
4458
4475
4456
4473
4454
4471
4452
4459
4450
4457
4448
4455
4446
4453
4444
4451
4442
4459
4440
4457
4438
4455
4436
4453
4434
4451
4432
4439
4430
4437
4428
4435
4426
4433
4424
4431
4422
4439
4420
4437
4418
4435
4416
4433
4414
4431
4412
4419
4410
4417
4408
4415
4406
4413
4404
4411
4402
4419
4400
4417
4398
4415
4396
4413
4394
4411
4392
4399
4390
4397
4388
4395
4386
4393
4384
4391
4382
4399
4380
4397
4378
4395
4376
4393
4374
4391
4372
4379
4370
4377
4368
4375
4366
4373
4364
4371
4362
4379
4360
4377
4358
4375
4356
4373
4354
4371
4352
4359
4350
4357
4348
4355
4346
4353
4344
4351
4342
4359
4340
4357
4338
4355
4336
4353
4334
4351
4332
4339
4330
4337
4328
4335
4326
4333
4324
4331
4322
4339
4320
4337
4318
4335
4316
4333
4314
4331
4312
4319
4310
4317
4308
4315
4306
4313
4304
4311
4302
4319
4300
4317
4298
4315
4296
4313
4294
4311
4292
4299
4290
4297
4288
4295
4286
4293
4284
4291
4282
4299
4280
4297
4278
4295
4276
4293
4274
4291
4272
4279
4270
4277
4268
4275
4266
4273
4264
4271
4262
4279
4260
4277
4258
4275
4256
4273
4254
4271
4252
4259
4250
4257
4248
4255
4246
4253
4244
4251
4242
4259
4240
4257
4238
4255
4236
4253
4234
4251
4232
4239
4230
4237
4228
4235
4226
4233
4224
4231
4222
4239
4220
4237
4218
4235
4216
4233
4214
4231
4212
4219
4210
4217
4208
4215
4206
4213
4204
4211
4202
4219
4200
4217
4198
4215
4196
4213
4194
4211
4192
4199
4190
4197
4188
4195
4186
4193
4184
4191
4182
4199
4180
4197
4178
4195
4176
4193
4174
4191
4172
4179
4170
4177
4168
4175
4166
4173
4164
4171
4162
4179
4160
4177
4158
4175
4156
4173
4154
4171
4152
4159
4150
4157
4148
4155
4146
4153
4144
4151
4142
4159
4140
4157
4138
4155
4136
4153
4134
4151
4132
4139
4130
4137
4128
4135
4126
4133
4124
4131
4122
4139
4120
4137
4118
4135
4116
4133
4114
4131
4112
4119
4110
4117
4108
4115
4106
4113
4104
4111
4102
4119
4100
4117
4098
4115
4096
4113
4094
4111
4092
4099
4090
4097
4088
4095
4086
4093
4084
4091
4082
4099
4080
4097
4078
4095
4076
4093
4074
4091
4072
4079
4070
4077
4068
4075
4066
4073
4064
4071
4062
4079
4060
4077
4058
4075
4056
4073
4054
4071
4052
4059
4050
4057
4048
4055
4046
4053
4044
4051
4042
4059
4040
4057
4038
4055
4036
4053
4034
4051
4032
4039
4030
4037
4028
4035
4026
4033
4024
4031
4022
4039
4020
4037
4018
4035
4016
4033
4014
4031
4012
4019
4010
4017
4008
4015
4006
4013
4004
4011
4002
4019
4000
4017
3998
4015
3996
4013
3994
4011
3992
3999
3990
3997
3988
3995
3986
3993
3984
3991
3982
3999
3980
3997
3978
3995
3976
3993
3974
3991
3972
3979
3970
3977
3968
3975
3966
3973
3964
3971
3962
3979
3960
3977
3958
3975
3956
3973
3954
3971
3952
3959
3950
3957
3948
3955
3946
3953
3944
3951
3942
3959
3940
3957
3938
3955
3936
3953
3934
3951
3932
3939
3930
3937
3928
3935
3926
3933
3924
3931
3922
3939
3920
3937
3918
3935
3916
3933
3914
3931
3912
3919
3910
3917
3908
3915
3906
3913
3904
3911
3902
3919
3900
3917
3898
3915
3896
3913
3894
3911
3892
3899
3890
3897
3888
3895
3886
3893
3884
3891
3882
3899
3880
3897
3878
3895
3876
3893
3874
3891
3872
3879
3870
3877
3868
3875
3866
3873
3864
3871
3862
3879
3860
3877
3858
3875
3856
3873
3854
3871
3852
3859
3850
3857
3848
3855
3846
3853
3844
3851
3842
3859
3840
3857
3838
3855
3836
3853
3834
3851
3832
3839
3830
3837
3828
3835
3826
3833
3824
3831
3822
3839
3820
3837
3818
3835
3816
3833
3814
3831
3812
3819
3810
3817
3808
3815
3806
3813
3804
3811
3802
3819
3800
3817
3798
3815
3796
3813
3794
3811
3792
3799
3790
3797
3788
3795
3786
3793
3784
3791
3782
3799
3780
3797
3778
3795
3776
3793
3774
3791
3772
3779
3770
3777
3768
3775
3766
3773
3764
3771
3762
3779
3760
3777
3758
3775
3756
3773
3754
3771
3752
3759
3750
3757
3748
3755
3746
3753
3744
3751
3742
3759
3740
3757
3738
3755
3736
3753
3734
3751
3732
3739
3730
3737
3728
3735
3726
3733
3724
3731
3722
3739
3720
3737
3718
3735
3716
3733
3714
3731
3712
3719
3710
3717
3708
3715
3706
3713
3704
3711
3702
3719
3700
3717
3698
3715
3696
3713
3694
3711
3692
3699
3690
3697
3688
3695
3686
3693
3684
3691
3682
3699
3680
3697
3678
3695
3676
3693
3674
3691
3672
3679
3670
3677
3668
3675
3666
3673
3664
3671
3662
3679
3660
3677
3658
3675
3656
3673
3654
3671
3652
3659
3650
3657
3648
3655
3646
3653
3644
3651
3642
3659
3640
3657
3638
3655
3636
3653
3634
3651
3632
3639
3630
3637
3628
3635
3626
3633
3624
3631
3622
3639
3620
3637
3618
3635
3616
3633
3614
3631
3612
3619
3610
3617
3608
3615
3606
3613
3604
3611
3602
3619
3600
3617
3598
3615
3596
3613
3594
3611
3592
3599
3590
3597
3588
3595
3586
3593
3584
3591
3582
3599
3580
3597
3578
3595
3576
3593
3574
3591
3572
3579
3570
3577
3568
3575
3566
3573
3564
3571
3562
3579
3560
3577
3558
3575
3556
3573
3554
3571
3552
3559
3550
3557
3548
3555
3546
3553
3544
3551
3542
3559
3540
3557
3538
3555
3536
3553
3534
3551
3532
3539
3530
3537
3528
3535
3526
3533
3524
3531
3522
3539
3520
3537
3518
3535
3516
3533
3514
3531
3512
3519
3510
3517
3508
3515
3506
3513
3504
3511
3502
3519
3500
3517
3498
3515
3496
3513
3494
3511
3492
3499
3490
3497
3488
3495
3486
3493
3484
3491
3482
3499
3480
3497
3478
3495
3476
3493
3474
3491
3472
3479
3470
3477
3468
3475
3466
3473
3464
3471
3462
3479
3460
3477
3458
3475
3456
3473
3454
3471
3452
3459
3450
3457
3448
3455
3446
3453
3444
3451
3442
3459
3440
3457
3438
3455
3436
3453
3434
3451
3432
3439
3430
3437
3428
3435
3426
3433
3424
3431
3422
3439
3420
3437
3418
3435
3416
3433
3414
3431
3412
3419
3410
3417
3408
3415
3406
3413
3404
3411
3402
3419
3400
3417
3398
3415
3396
3413
3394
3411
3392
3399
3390
3397
3388
3395
3386
3393
3384
3391
3382
3399
3380
3397
3378
3395
3376
3393
3374
3391
3372
3379
3370
3377
3368
3375
3366
3373
3364
3371
3362
3379
3360
3377
3358
3375
3356
3373
3354
3371
3352
3359
3350
3357
3348
3355
3346
3353
3344
3351
3342
3359
3340
3357
3338
3355
3336
3353
3334
3351
3332
3339
3330
3337
3328
3335
3326
3333
3324
3331
3322
3339
3320
3337
3318
3335
3316
3333
3314
3331
3312
3319
3310
3317
3308
3315
3306
3313
3304
3311
3302
3319
3300
3317
3298
3315
3296
3313
3294
3311
3292
3299
3290
3297
3288
3295
3286
3293
3284
3291
3282
3299
3280
3297
3278
3295
3276
3293
3274
3291
3272
3279
3270
3277
3268
3275
3266
3273
3264
3271
3262
3279
3260
3277
3258
3275
3256
3273
3254
3271
3252
3259
3250
3257
3248
3255
3246
3253
3244
3251
3242
3259
3240
3257
3238
3255
3236
3253
3234
3251
3232
3239
3230
3237
3228
3235
3226
3233
3224
3231
3222
3239
3220
3237
3218
3235
3216
3233
3214
3231
3212
3219
3210
3217
3208
3215
3206
3213
3204
3211
3202
3219
3200
3217
3198
3215
3196
3213
3194
3211
3192
3199
3190
3197
3188
3195
3186
3193
3184
3191
3182
3199
3180
3197
3178
3195
3176
3193
3174
3191
3172
3179
3170
3177
3168
3175
3166
3173
3164
3171
3162
3179
3160
3177
3158
3175
3156
3173
3154
3171
3152
3159
3150
3157
3148
3155
3146
3153
3144
3151
3142
3159
3140
3157
3138
3155
3136
3153
3134
3151
3132
3139
3130
3137
3128
3135
3126
3133
3124
3131
3122
3139
3120
3137
3118
3135
3116
3133
3114
3131
3112
3119
3110
3117
3108
3115
3106
3113
3104
3111
3102
3119
3100
3117
3098
3115
3096
3113
3094
3111
3092
3099
3090
3097
3088
3095
3086
3093
3084
3091
3082
3099
3080
3097
3078
3095
3076
3093
3074
3091
3072
3079
3070
3077
3068
3075
3066
3073
3064
3071
3062
3079
3060
3077
3058
3075
3056
3073
3054
3071
3052
3059
3050
3057
3048
3055
3046
3053
3044
3051
3042
3059
3040
3057
3038
3055
3036
3053
3034
3051
3032
3039
3030
3037
3028
3035
3026
3033
3024
3031
3022
3039
3020
3037
3018
3035
3016
3033
3014
3031
3012
3019
3010
3017
3008
3015
3006
3013
3004
3011
3002
3019
3000
3017
2998
3015
2996
3013
2994
3011
2992
2999
2990
2997
2988
2995
2986
2993
2984
2991
2982
2999
2980
2997
2978
2995
2976
2993
2974
2991
2972
2979
2970
2977
2968
2975
2966
2973
2964
2971
2962
2979
2960
2977
2958
2975
2956
2973
2954
2971
2952
2959
2950
2957
2948
2955
2946
2953
2944
2951
2942
2959
2940
2957
2938
2955
2936
2953
2934
2951
2932
2939
2930
2937
2928
2935
2926
2933
2924
2931
2922
2939
2920
2937
2918
2935
2916
2933
2914
2931
2912
2919
2910
2917
2908
2915
2906
2913
2904
2911
2902
2919
2900
2917
2898
2915
2896
2913
2894
2911
2892
2899
2890
2897
2888
2895
2886
2893
2884
2891
2882
2899
2880
2897
2878
2895
2876
2893
2874
2891
2872
2879
2870
2877
2868
2875
2866
2873
2864
2871
2862
2879
2860
2877
2858
2875
2856
2873
2854
2871
2852
2859
2850
2857
2848
2855
2846
2853
2844
2851
2842
2859
2840
2857
2838
2855
2836
2853
2834
2851
2832
2839
2830
2837
2828
2835
2826
2833
2824
2831
2822
2839
2820
2837
2818
2835
2816
2833
2814
2831
2812
2819
2810
2817
2808
2815
2806
2813
2804
2811
2802
2819
2800
2817
2798
2815
2796
2813
2794
2811
2792
2799
2790
2797
2788
2795
2786
2793
2784
2791
2782
2799
2780
2797
2778
2795
2776
2793
2774
2791
2772
2779
2770
2777
2768
2775
2766
2773
2764
2771
2762
2779
2760
2777
2758
2775
2756
2773
2754
2771
2752
2759
2750
2757
2748
2755
2746
2753
2744
2751
2742
2759
2740
2757
2738
2755
2736
2753
2734
2751
2732
2739
2730
2737
2728
2735
2726
2733
2724
2731
2722
2739
2720
2737
2718
2735
2716
2733
2714
2731
2712
2719
2710
2717
2708
2715
2706
2713
2704
2711
2702
2719
2700
2717
2698
2715
2696
2713
2694
2711
2692
2699
2690
2697
2688
2695
2686
2693
2684
2691
2682
2699
2680
2697
2678
2695
2676
2693
2674
2691
2672
2679
2670
2677
2668
2675
2666
2673
2664
2671
2662
2679
2660
2677
2658
2675
2656
2673
2654
2671
2652
2659
2650
2657
2648
2655
2646
2653
2644
2651
2642
2659
2640
2657
2638
2655
2636
2653
2634
2651
2632
2639
2630
2637
2628
2635
2626
2633
2624
2631
2622
2639
2620
2637
2618
2635
2616
2633
2614
2631
2612
2619
2610
2617
2608
2615
2606
2613
2604
2611
2602
2619
2600
2617
2598
2615
2596
2613
2594
2611
2592
2599
2590
2597
2588
2595
2586
2593
2584
2591
2582
2599
2580
2597
2578
2595
2576
2593
2574
2591
2572
2579
2570
2577
2568
2575
2566
2573
2564
2571
2562
2579
2560
2577
2558
2575
2556
2573
2554
2571
2552
2559
2550
2557
2548
2555
2546
2553
2544
2551
2542
2559
2540
2557
2538
2555
2536
2553
2534
2551
2532
2539
2530
2537
2528
2535
2526
2533
2524
2531
2522
2539
2520
2537
2518
2535
2516
2533
2514
2531
2512
2519
2510
2517
2508
2515
2506
2513
2504
2511
2502
2519
2500
2517
2498
2515
2496
2513
2494
2511
2492
2499
2490
2497
2488
2495
2486
2493
2484
2491
2482
2499
2480
2497
2478
2495
2476
2493
2474
2491
2472
2479
2470
2477
2468
2475
2466
2473
2464
2471
2462
2479
2460
2477
2458
2475
2456
2473
2454
2471
2452
2459
2450
2457
2448
2455
2446
2453
2444
2451
2442
2459
2440
2457
2438
2455
2436
2453
2434
2451
2432
2439
2430
2437
2428
2435
2426
2433
2424
2431
2422
2439
2420
2437
2418
2435
2416
2433
2414
2431
2412
2419
2410
2417
2408
2415
2406
2413
2404
2411
2402
2419
2400
2417
2398
2415
2396
2413
2394
2411
2392
2399
2390
2397
2388
2395
2386
2393
2384
2391
2382
2399
2380
2397
2378
2395
2376
2393
2374
2391
2372
2379
2370
2377
2368
2375
2366
2373
2364
2371
2362
2379
2360
2377
2358
2375
2356
2373
2354
2371
2352
2359
2350
2357
2348
2355
2346
2353
2344
2351
2342
2359
2340
2357
2338
2355
2336
2353
2334
2351
2332
2339
2330
2337
2328
2335
2326
2333
2324
2331
2322
2339
2320
2337
2318
2335
2316
2333
2314
2331
2312
2319
2310
2317
2308
2315
2306
2313
2304
2311
2302
2319
2300
2317
2298
2315
2296
2313
2294
2311
2292
2299
2290
2297
2288
2295
2286
2293
2284
2291
2282
2299
2280
2297
2278
2295
2276
2293
2274
2291
2272
2279
2270
2277
2268
2275
2266
2273
2264
2271
2262
2279
2260
2277
2258
2275
2256
2273
2254
2271
2252
2259
2250
2257
2248
2255
2246
2253
2244
2251
2242
2259
2240
2257
2238
2255
2236
2253
2234
2251
2232
2239
2230
2237
2228
2235
2226
2233
2224
2231
2222
2239
2220
2237
2218
2235
2216
2233
2214
2231
2212
2219
2210
2217
2208
2215
2206
2213
2204
2211
2202
2219
2200
2217
2198
2215
2196
2213
2194
2211
2192
2199
2190
2197
2188
2195
2186
2193
2184
2191
2182
2199
2180
2197
2178
2195
2176
2193
2174
2191
2172
2179
2170
2177
2168
2175
2166
2173
2164
2171
2162
2179
2160
2177
2158
2175
2156
2173
2154
2171
2152
2159
2150
2157
2148
2155
2146
2153
2144
2151
2142
2159
2140
2157
2138
2155
2136
2153
2134
2151
2132
2139
2130
2137
2128
2135
2126
2133
2124
2131
2122
2139
2120
2137
2118
2135
2116
2133
2114
2131
2112
2119
2110
2117
2108
2115
2106
2113
2104
2111
2102
2119
2100
2117
2098
2115
2096
2113
2094
2111
2092
2099
2090
2097
2088
2095
2086
2093
2084
2091
2082
2099
2080
2097
2078
2095
2076
2093
2074
2091
2072
2079
2070
2077
2068
2075
2066
2073
2064
2071
2062
2079
2060
2077
2058
2075
2056
2073
2054
2071
2052
2059
2050
2057
2048
2055
2046
2053
2044
2051
2042
2059
2040
2057
2038
2055
2036
2053
2034
2051
2032
2039
2030
2037
2028
2035
2026
2033
2024
2031
2022
2039
2020
2037
2018
2035
2016
2033
2014
2031
2012
2019
2010
2017
2008
2015
2006
2013
2004
2011
2002
2019
2000
2017
1998
2015
1996
2013
1994
2011
1992
1999
1990
1997
1988
1995
1986
1993
1984
1991
1982
1999
1980
1997
1978
1995
1976
1993
1974
1991
1972
1979
1970
1977
1968
1975
1966
1973
1964
1971
1962
1979
1960
1977
1958
1975
1956
1973
1954
1971
1952
1959
1950
1957
1948
1955
1946
1953
1944
1951
1942
1959
1940
1957
1938
1955
1936
1953
1934
1951
1932
1939
1930
1937
1928
1935
1926
1933
1924
1931
1922
1939
1920
1937
1918
1935
1916
1933
1914
1931
1912
1919
1910
1917
1908
1915
1906
1913
1904
1911
1902
1919
1900
1917
1898
1915
1896
1913
1894
1911
1892
1899
1890
1897
1888
1895
1886
1893
1884
1891
1882
1899
1880
1897
1878
1895
1876
1893
1874
1891
1872
1879
1870
1877
1868
1875
1866
1873
1864
1871
1862
1879
1860
1877
1858
1875
1856
1873
1854
1871
1852
1859
1850
1857
1848
1855
1846
1853
1844
1851
1842
1859
1840
1857
1838
1855
1836
1853
1834
1851
1832
1839
1830
1837
1828
1835
1826
1833
1824
1831
1822
1839
1820
1837
1818
1835
1816
1833
1814
1831
1812
1819
1810
1817
1808
1815
1806
1813
1804
1811
1802
1819
1800
1817
1798
1815
1796
1813
1794
1811
1792
1799
1790
1797
1788
1795
1786
1793
1784
1791
1782
1799
1780
1797
1778
1795
1776
1793
1774
1791
1772
1779
1770
1777
1768
1775
1766
1773
1764
1771
1762
1779
1760
1777
1758
1775
1756
1773
1754
1771
1752
1759
1750
1757
1748
1755
1746
1753
1744
1751
1742
1759
1740
1757
1738
1755
1736
1753
1734
1751
1732
1739
1730
1737
1728
1735
1726
1733
1724
1731
1722
1739
1720
1737
1718
1735
1716
1733
1714
1731
1712
1719
1710
1717
1708
1715
1706
1713
1704
1711
1702
1719
1700
1717
1698
1715
1696
1713
1694
1711
1692
1699
1690
1697
1688
1695
1686
1693
1684
1691
1682
1699
1680
1697
1678
1695
1676
1693
1674
1691
1672
1679
1670
1677
1668
1675
1666
1673
1664
1671
1662
1679
1660
1677
1658
1675
1656
1673
1654
1671
1652
1659
1650
1657
1648
1655
1646
1653
1644
1651
1642
1659
1640
1657
1638
1655
1636
1653
1634
1651
1632
1639
1630
1637
1628
1635
1626
1633
1624
1631
1622
1639
1620
1637
1618
1635
1616
1633
1614
1631
1612
1619
1610
1617
1608
1615
1606
1613
1604
1611
1602
1619
1600
1617
1598
1615
1596
1613
1594
1611
1592
1599
1590
1597
1588
1595
1586
1593
1584
1591
1582
1599
1580
1597
1578
1595
1576
1593
1574
1591
1572
1579
1570
1577
1568
1575
1566
1573
1564
1571
1562
1579
1560
1577
1558
1575
1556
1573
1554
1571
1552
1559
1550
1557
1548
1555
1546
1553
1544
1551
1542
1559
1540
1557
1538
1555
1536
1553
1534
1551
1532
1539
1530
1537
1528
1535
1526
1533
1524
1531
1522
1539
1520
1537
1518
1535
1516
1533
1514
1531
1512
1519
1510
1517
1508
1515
1506
1513
1504
1511
1502
1519
1500
1517
1498
1515
1496
1513
1494
1511
1492
1499
1490
1497
1488
1495
1486
1493
1484
1491
1482
1499
1480
1497
1478
1495
1476
1493
1474
1491
1472
1479
1470
1477
1468
1475
1466
1473
1464
1471
1462
1479
1460
1477
1458
1475
1456
1473
1454
1471
1452
1459
1450
1457
1448
1455
1446
1453
1444
1451
1442
1459
1440
1457
1438
1455
1436
1453
1434
1451
1432
1439
1430
1437
1428
1435
1426
1433
1424
1431
1422
1439
1420
1437
1418
1435
1416
1433
1414
1431
1412
1419
1410
1417
1408
1415
1406
1413
1404
1411
1402
1419
1400
1417
1398
1415
1396
1413
1394
1411
1392
1399
1390
1397
1388
1395
1386
1393
1384
1391
1382
1399
1380
1397
1378
1395
1376
1393
1374
1391
1372
1379
1370
1377
1368
1375
1366
1373
1364
1371
1362
1379
1360
1377
1358
1375
1356
1373
1354
1371
1352
1359
1350
1357
1348
1355
1346
1353
1344
1351
1342
1359
1340
1357
1338
1355
1336
1353
1334
1351
1332
1339
1330
1337
1328
1335
1326
1333
1324
1331
1322
1339
1320
1337
1318
1335
1316
1333
1314
1331
1312
1319
1310
1317
1308
1315
1306
1313
1304
1311
1302
1319
1300
1317
1298
1315
1296
1313
1294
1311
1292
1299
1290
1297
1288
1295
1286
1293
1284
1291
1282
1299
1280
1297
1278
1295
1276
1293
1274
1291
1272
1279
1270
1277
1268
1275
1266
1273
1264
1271
1262
1279
1260
1277
1258
1275
1256
1273
1254
1271
1252
1259
1250
1257
1248
1255
1246
1253
1244
1251
1242
1259
1240
1257
1238
1255
1236
1253
1234
1251
1232
1239
1230
1237
1228
1235
1226
1233
1224
1231
1222
1239
1220
1237
1218
1235
1216
1233
1214
1231
1212
1219
1210
1217
1208
1215
1206
1213
1204
1211
1202
1219
1200
1217
1198
1215
1196
1213
1194
1211
1192
1199
1190
1197
1188
1195
1186
1193
1184
1191
1182
1199
1180
1197
1178
1195
1176
1193
1174
1191
1172
1179
1170
1177
1168
1175
1166
1173
1164
1171
1162
1179
1160
1177
1158
1175
1156
1173
1154
1171
1152
1159
1150
1157
1148
1155
1146
1153
1144
1151
1142
1159
1140
1157
1138
1155
1136
1153
1134
1151
1132
1139
1130
1137
1128
1135
1126
1133
1124
1131
1122
1139
1120
1137
1118
1135
1116
1133
1114
1131
1112
1119
1110
1117
1108
1115
1106
1113
1104
1111
1102
1119
1100
1117
1098
1115
1096
1113
1094
1111
1092
1099
1090
1097
1088
1095
1086
1093
1084
1091
1082
1099
1080
1097
1078
1095
1076
1093
1074
1091
1072
1079
1070
1077
1068
1075
1066
1073
1064
1071
1062
1079
1060
1077
1058
1075
1056
1073
1054
1071
1052
1059
1050
1057
1048
1055
1046
1053
1044
1051
1042
1059
1040
1057
1038
1055
1036
1053
1034
1051
1032
1039
1030
1037
1028
1035
1026
1033
1024
1031
1022
1039
1020
1037
1018
1035
1016
1033
1014
1031
1012
1019
1010
1017
1008
1015
1006
1013
1004
1011
1002
1019
1000
1017
998
1015
996
1013
994
1011
992
999
990
997
988
995
986
993
984
991
982
999
980
997
978
995
976
993
974
991
972
979
970
977
968
975
966
973
964
971
962
979
960
977
958
975
956
973
954
971
952
959
950
957
948
955
946
953
944
951
942
959
940
957
938
955
936
953
934
951
932
939
930
937
928
935
926
933
924
931
922
939
920
937
918
935
916
933
914
931
912
919
910
917
908
915
906
913
904
911
902
919
900
917
898
915
896
913
894
911
892
899
890
897
888
895
886
893
884
891
882
899
880
897
878
895
876
893
874
891
872
879
870
877
868
875
866
873
864
871
862
879
860
877
858
875
856
873
854
871
852
859
850
857
848
855
846
853
844
851
842
859
840
857
838
855
836
853
834
851
832
839
830
837
828
835
826
833
824
831
822
839
820
837
818
835
816
833
814
831
812
819
810
817
808
815
806
813
804
811
802
819
800
817
798
815
796
813
794
811
792
799
790
797
788
795
786
793
784
791
782
799
780
797
778
795
776
793
774
791
772
779
770
777
768
775
766
773
764
771
762
779
760
777
758
775
756
773
754
771
752
759
750
757
748
755
746
753
744
751
742
759
740
757
738
755
736
753
734
751
732
739
730
737
728
735
726
733
724
731
722
739
720
737
718
735
716
733
714
731
712
719
710
717
708
715
706
713
704
711
702
719
700
717
698
715
696
713
694
711
692
699
690
697
688
695
686
693
684
691
682
699
680
697
678
695
676
693
674
691
672
679
670
677
668
675
666
673
664
671
662
679
660
677
658
675
656
673
654
671
652
659
650
657
648
655
646
653
644
651
642
659
640
657
638
655
636
653
634
651
632
639
630
637
628
635
626
633
624
631
622
639
620
637
618
635
616
633
614
631
612
619
610
617
608
615
606
613
604
611
602
619
600
617
598
615
596
613
594
611
592
599
590
597
588
595
586
593
584
591
582
599
580
597
578
595
576
593
574
591
572
579
570
577
568
575
566
573
564
571
562
579
560
577
558
575
556
573
554
571
552
559
550
557
548
555
546
553
544
551
542
559
540
557
538
555
536
553
534
551
532
539
530
537
528
535
526
533
524
531
522
539
520
537
518
535
516
533
514
531
512
519
510
517
508
515
506
513
504
511
502
519
500
517
498
515
496
513
494
511
492
499
490
497
488
495
486
493
484
491
482
499
480
497
478
495
476
493
474
491
472
479
470
477
468
475
466
473
464
471
462
479
460
477
458
475
456
473
454
471
452
459
450
457
448
455
446
453
444
451
442
459
440
457
438
455
436
453
434
451
432
439
430
437
428
435
426
433
424
431
422
439
420
437
418
435
416
433
414
431
412
419
410
417
408
415
406
413
404
411
402
419
400
417
398
415
396
413
394
411
392
399
390
397
388
395
386
393
384
391
382
399
380
397
378
395
376
393
374
391
372
379
370
377
368
375
366
373
364
371
362
379
360
377
358
375
356
373
354
371
352
359
350
357
348
355
346
353
344
351
342
359
340
357
338
355
336
353
334
351
332
339
330
337
328
335
326
333
324
331
322
339
320
337
318
335
316
333
314
331
312
319
310
317
308
315
306
313
304
311
302
319
300
317
298
315
296
313
294
311
292
299
290
297
288
295
286
293
284
291
282
299
280
297
278
295
276
293
274
291
272
279
270
277
268
275
266
273
264
271
262
279
260
277
258
275
256
273
254
271
252
259
250
257
248
255
246
253
244
251
242
259
240
257
238
255
236
253
234
251
232
239
230
237
228
235
226
233
224
231
222
239
220
237
218
235
216
233
214
231
212
219
210
217
208
215
206
213
204
211
202
219
200
217
198
215
196
213
194
211
192
199
190
197
188
195
186
193
184
191
182
199
180
197
178
195
176
193
174
191
172
179
170
177
168
175
166
173
164
171
162
179
160
177
158
175
156
173
154
171
152
159
150
157
148
155
146
153
144
151
142
159
140
157
138
155
136
153
134
151
132
139
130
137
128
135
126
133
124
131
122
139
120
137
118
135
116
133
114
131
112
119
110
117
108
115
106
113
104
111
102
119
100
117
98
115
96
113
94
111
92
99
90
97
88
95
86
93
84
91
82
99
80
97
78
95
76
93
74
91
72
79
70
77
68
75
66
73
64
71
62
109
60
107
58
105
56
103
54
101
52
59
50
57
48
55
46
53
44
51
42
3249
40
3247
38
3245
36
3243
34
3241
32
3259
30
3257
28
3255
26
3253
24
3251
22
29
20
27
18
25
16
23
14
21
12
39
10
37
8
35
6
33
4
31
2
