Filename: dup500.dat

Sorted Data
1
1
1
2
5
6
8
14
105
96
86
407
104
70
405
144
144
427
164
164
481
41
41
15
15
29
206
436
133
39
39
92
285
156
156
184
219
32
32
214
214
274
274
203
158
158
383
122
122
220
45
45
109
109
191
44
44
116
36
36
88
456
445
321
499
131
131
124
124
29
29
72
323
458
266
72
290
283
283
414
408
414
107
107
22
22
261
464
387
387
102
102
6
6
19
356
85
63
63
78
47
78
4
4
6
6
252
69
299
51
101
56
56
487
87
87
328
355
400
243
243
331
384
20
20
88
123
279
197
197
395
194
194
376
50
50
143
331
13
13
24
203
357
106
106
232
321
218
321
188
188
258
319
129
129
438
390
438
91
115
45
45
48
94
359
249
249
259
259
6
6
11
177
382
88
11
16
110
413
72
83
426
215
83
189
189
287
424
162
162
408
474
326
326
488
21
21
113
209
209
255
193
193
18
18
71
363
239
229
245
71
71
455
169
169
2
2
3
14
65
160
402
181
296
196
365
449
147
183
202
186
200
211
306
201
168
171
204
404
342
254
396
387
262
65
377
252
28
28
138
295
462
237
237
226
226
119
274
34
34
35
417
310
358
116
116
120
309
55
55
425
19
19
35
35
95
213
149
165
121
121
187
187
222
414
414
297
297
466
288
288
31
31
350
136
136
338
99
99
447
98
98
27
27
48
222
303
450
268
268
217
217
379
33
33
37
81
179
463
273
128
128
154
369
1
1
42
43
153
112
228
446
420
366
54
54
108
111
147
43
43
55
292
393
433
59
482
142
236
270
175
140
448
172
127
55
140
239
185
108
108
307
334
16
16
318
256
318
9
9
215
82
82
150
8
8
16
93
10
28
95
469
293
293
311
28
28
352
152
152
233
52
52
76
96
96
76
76
304
207
208
73
73
192
192
457
58
100
5
5
61
430
484
250
141
250
250
294
398
335
68
335
3
3
25
25
312
53
53
336
42
42
80
495
14
62
336
360
17
17
21
280
80
444
61
61
275
165
275
21
21
61
347
135
132
132
263
263
343
62
62
84
177
118
49
49
84
260
385
419
411
137
139
330
170
339
155
257
103
235
84
199
199
246
246
281
281
340
155
257
281
64
64
324
327
442
242
496
12
242
