Filename: rev1K.dat

Sorted Data
1
2
3
27
89
191
995
994
993
992
991
990
989
988
987
986
985
987
983
985
981
983
979
981
977
979
975
977
973
975
971
973
969
971
967
969
965
967
963
965
961
963
959
961
957
959
955
957
953
955
951
953
949
951
947
949
945
947
943
945
941
943
939
941
937
939
935
937
933
935
931
933
929
931
927
929
925
927
923
925
921
923
919
921
917
919
915
917
913
915
911
913
909
911
907
909
905
907
903
905
901
903
899
901
897
899
895
897
893
895
891
893
889
891
887
889
885
887
883
885
881
883
879
881
877
879
875
877
873
875
871
873
869
871
867
869
865
867
863
865
861
863
859
861
857
859
855
857
853
855
851
853
849
851
847
849
845
847
843
845
841
843
839
841
837
839
835
837
833
835
831
833
829
831
827
829
825
827
823
825
821
823
819
821
817
819
815
817
813
815
811
813
809
811
807
809
805
807
803
805
801
803
799
801
797
799
795
797
793
795
791
793
789
791
787
789
785
787
783
785
781
783
779
781
777
779
775
777
773
775
771
773
769
771
767
769
765
767
763
765
761
763
759
761
757
759
755
757
753
755
751
753
749
751
747
749
745
747
743
745
741
743
739
741
737
739
735
737
733
735
731
733
729
731
727
729
725
727
723
725
721
723
719
721
717
719
715
717
713
715
711
713
709
711
707
709
705
707
703
705
701
703
699
701
697
699
695
697
693
695
691
693
689
691
687
689
685
687
683
685
681
683
679
681
677
679
675
677
673
675
671
673
669
671
667
669
665
667
663
665
661
663
659
661
657
659
655
657
653
655
651
653
649
651
647
649
645
647
643
645
641
643
639
641
637
639
635
637
633
635
631
633
629
631
627
629
625
627
623
625
621
623
619
621
617
619
615
617
613
615
611
613
609
611
607
609
605
607
603
605
601
603
599
601
597
599
595
597
593
595
591
593
589
591
587
589
585
587
583
585
581
583
579
581
577
579
575
577
573
575
571
573
569
571
567
569
565
567
563
565
561
563
559
561
557
559
555
557
553
555
551
553
549
551
547
549
545
547
543
545
541
543
539
541
537
539
535
537
533
535
531
533
529
531
527
529
525
527
523
525
521
523
519
521
517
519
515
517
513
515
511
513
509
511
507
509
505
507
503
505
501
503
499
501
497
499
495
497
493
495
491
493
489
491
487
489
485
487
483
485
481
483
479
481
477
479
475
477
473
475
471
473
469
471
467
469
465
467
463
465
461
463
459
461
457
459
455
457
453
455
451
453
449
451
447
449
445
447
443
445
441
443
439
441
437
439
435
437
433
435
431
433
429
431
427
429
425
427
423
425
421
423
419
421
417
419
415
417
413
415
411
413
409
411
407
409
405
407
403
405
401
403
399
401
397
399
395
397
393
395
391
393
389
391
387
389
385
387
383
385
381
383
379
381
377
379
375
377
373
375
371
373
369
371
367
369
365
367
363
365
361
363
359
361
357
359
355
357
353
355
351
353
349
351
347
349
345
347
343
345
341
343
339
341
337
339
335
337
333
335
331
333
329
331
327
329
325
327
323
325
321
323
319
321
317
319
315
317
313
315
311
313
309
311
307
309
305
307
303
305
301
303
299
301
297
299
295
297
293
295
291
293
289
291
287
289
285
287
283
285
281
283
279
281
277
279
275
277
273
275
271
273
269
271
267
269
265
267
263
265
261
263
259
261
257
259
255
257
253
255
251
253
249
251
247
249
245
247
243
245
241
243
239
241
237
239
235
237
233
235
231
233
229
231
227
229
225
227
223
225
221
223
219
221
217
219
215
217
213
215
211
213
209
211
207
209
205
207
203
205
201
203
199
201
197
199
195
197
193
195
191
193
189
191
187
189
185
187
183
185
181
183
179
181
177
179
175
177
173
175
171
173
169
171
167
169
165
167
163
165
161
163
159
161
157
159
155
157
153
155
151
153
149
151
147
149
145
147
143
145
141
143
139
141
137
139
135
137
133
135
131
133
129
131
127
129
125
127
123
125
121
123
119
121
117
119
115
117
113
115
111
113
109
111
107
109
105
107
103
105
101
103
99
101
97
99
95
97
93
95
91
93
89
91
87
89
85
87
83
85
81
83
79
81
77
79
75
77
73
75
71
73
69
71
67
69
65
67
63
65
61
70
59
61
57
59
55
57
53
55
51
85
95
48
50
46
48
44
46
42
44
40
49
38
40
36
38
34
36
32
35
379
29
31
27
29
25
27
23
25
21
30
19
21
17
19
15
17
13
15
11
20
9
18
7
9
5
7
3
6
