Filename: rev1K.dat

Sorted Data
1
5
6
31
33
36
42
47
274
278
292
293
989
988
987
986
985
984
983
982
981
980
979
978
977
976
975
974
973
972
971
970
971
968
969
966
967
964
965
962
963
960
961
958
959
956
957
954
955
952
953
950
951
948
949
946
947
944
945
942
943
940
941
938
940
943
935
941
933
934
931
932
929
935
927
933
925
926
923
924
921
927
919
925
917
918
915
916
913
919
911
917
909
910
907
908
905
911
903
909
901
902
899
900
897
904
906
894
895
892
912
890
910
888
889
886
887
884
890
882
888
880
881
878
879
876
882
874
880
872
873
870
871
868
878
866
886
864
864
862
861
861
859
858
864
856
856
854
853
853
851
850
856
848
848
846
845
845
843
842
852
840
860
838
838
836
835
835
833
832
838
830
830
828
827
827
825
824
830
822
822
820
819
819
817
816
826
814
834
812
812
810
809
809
807
806
812
804
804
802
801
801
799
798
804
796
796
794
793
793
791
790
800
788
808
786
786
784
783
783
781
780
786
778
778
776
775
775
773
772
778
770
770
768
767
767
765
764
774
762
799
760
821
758
819
756
757
754
755
752
758
750
756
748
749
746
747
744
750
742
748
740
741
738
739
736
746
734
754
732
752
730
731
728
729
726
732
724
730
722
723
720
721
718
724
716
722
714
715
712
713
710
720
708
728
706
726
704
705
702
703
700
706
698
704
696
697
694
695
692
698
690
696
688
689
686
687
684
694
682
719
680
758
678
779
676
777
674
675
672
673
670
676
668
674
666
667
664
665
662
668
660
666
658
659
656
657
654
664
652
677
765
649
763
647
648
645
646
643
650
760
640
641
638
821
636
819
634
635
632
633
630
636
628
634
626
627
624
625
622
628
620
626
618
619
616
617
614
624
612
632
610
630
608
609
606
607
604
610
602
608
600
601
598
599
596
602
594
600
592
593
590
591
588
598
586
606
584
604
582
583
580
581
578
584
576
582
574
575
572
573
570
576
568
574
566
567
564
565
562
572
560
597
558
619
556
617
554
555
552
553
550
556
548
554
546
547
544
545
542
548
540
546
538
539
536
537
534
544
532
552
530
550
528
529
526
527
524
530
522
528
520
521
518
519
516
522
514
520
512
513
510
511
508
518
506
526
504
524
502
503
500
501
498
504
496
502
494
495
492
493
490
496
488
494
486
487
484
485
482
492
480
517
478
539
476
537
474
475
472
473
470
476
468
474
466
467
464
465
462
468
460
466
458
459
456
457
454
464
452
472
450
470
448
449
446
447
444
450
442
448
440
441
438
439
436
442
434
440
432
433
430
431
428
438
426
446
424
444
422
423
420
421
418
424
416
422
414
415
412
413
410
416
408
414
406
407
404
405
402
412
400
437
398
516
396
579
394
577
392
393
390
391
388
394
386
392
384
385
382
383
380
386
378
384
376
377
374
375
372
382
370
390
368
388
366
367
364
365
362
368
360
366
358
359
356
357
354
360
352
358
350
351
348
349
346
356
344
364
342
362
340
341
338
339
336
342
334
340
332
333
330
331
328
334
326
332
324
325
322
323
320
330
318
355
316
377
314
375
312
313
310
311
308
314
306
312
304
305
302
303
300
306
298
304
296
297
294
295
292
302
290
310
288
308
286
287
284
285
282
288
280
286
278
279
276
277
274
280
272
278
270
271
268
269
266
276
264
284
262
282
260
261
258
259
256
262
254
260
252
253
250
251
248
254
246
252
244
245
242
243
240
250
238
275
236
297
234
295
232
233
230
231
228
234
226
232
224
225
222
223
220
226
218
224
216
217
214
215
212
222
210
230
208
228
206
207
204
205
202
208
200
206
198
199
196
197
194
200
192
198
190
191
188
189
186
196
184
204
182
202
180
181
178
179
176
182
174
180
172
173
170
171
168
174
166
172
164
165
162
163
160
170
158
195
156
274
154
377
152
375
150
151
148
149
146
152
144
150
142
143
140
141
138
144
136
142
134
135
132
133
130
140
128
365
367
125
126
123
427
121
425
119
120
117
118
115
121
113
119
111
112
109
110
107
113
105
111
103
104
101
102
99
109
97
117
95
115
93
94
91
92
89
95
87
93
85
86
83
84
81
87
79
85
77
78
75
76
73
83
71
91
69
89
67
68
65
66
63
69
61
67
59
60
57
58
55
61
53
59
51
52
49
50
47
57
45
82
43
122
143
40
141
38
39
36
37
34
40
32
38
30
31
28
29
26
32
24
30
22
23
20
21
18
28
16
41
129
13
127
11
12
9
10
7
14
124
4
5
2
