Filename: rev500-1.dat

Sorted Data
1
5
8
22
24
128
132
141
148
227
229
236
245
248
278
280
292
484
483
482
481
480
479
478
477
476
475
474
473
472
471
470
469
468
467
466
465
464
463
462
461
460
459
458
457
456
455
454
453
452
451
450
449
448
450
446
448
444
446
442
444
440
442
438
440
436
438
434
436
432
434
430
432
428
430
426
428
424
426
422
424
420
422
418
420
416
418
414
416
412
414
410
412
408
410
406
408
404
406
402
404
400
402
398
400
396
398
394
396
392
394
390
392
388
390
386
389
394
383
385
381
383
379
381
377
379
375
384
373
382
371
373
369
371
367
369
365
374
363
372
361
363
359
361
357
359
355
364
353
362
351
353
349
351
347
349
345
354
343
352
341
343
339
341
337
339
335
344
333
342
331
333
329
331
327
329
325
334
323
332
321
323
319
321
317
319
315
324
313
322
311
313
309
311
307
309
305
314
303
312
301
303
299
301
297
299
295
309
293
307
291
306
318
288
316
286
288
284
286
282
284
280
308
278
287
276
278
274
276
272
274
270
279
268
277
266
268
264
266
262
264
260
274
258
272
256
284
254
282
252
254
250
252
248
250
246
274
244
253
242
244
240
242
238
240
236
245
234
243
232
234
230
232
228
230
226
240
224
238
222
250
220
248
218
220
216
218
214
216
212
240
210
219
208
210
206
208
204
206
202
211
200
209
198
200
196
198
194
196
192
206
190
204
188
216
186
214
184
186
182
184
180
182
178
206
176
185
174
176
172
174
170
172
168
177
166
175
164
166
162
164
160
162
158
172
156
170
154
182
152
181
184
149
151
147
150
191
144
189
142
144
140
142
138
140
136
145
134
148
132
134
130
133
424
127
422
125
127
123
125
121
123
119
414
117
126
115
117
113
115
111
113
109
118
107
116
105
107
103
105
101
103
99
113
97
111
95
123
93
121
91
93
89
91
87
89
85
113
83
92
81
83
79
81
77
79
75
84
73
82
71
73
69
71
67
69
65
79
63
77
61
89
59
87
57
59
55
57
53
55
51
79
49
58
47
49
45
47
43
45
41
50
39
48
37
39
35
37
33
35
31
45
29
43
27
77
25
75
23
376
21
374
19
384
17
382
15
17
13
15
11
13
9
18
7
21
5
7
3
6
