Filename: ran1K.dat

Sorted Data
3
3
3
9
13
5581
9691
8901
8366
7639
9680
7581
8720
8055
8493
3603
1117
1782
2761
5549
7255
3770
4693
4543
6946
6999
581
1880
7979
3066
8193
5311
9089
1272
238
7412
716
7142
6093
4490
3246
6315
8978
9442
7420
4743
772
7025
6597
1134
1649
4965
5567
2584
6728
9339
5581
9326
6920
7674
311
9535
6164
8200
2413
137
2236
8693
5378
4544
3321
3340
367
3266
7533
1075
2715
8324
7568
3818
7789
7419
7693
8044
889
8777
5233
8143
878
2616
3764
4984
2235
176
194
8137
5207
6241
2913
5183
8757
6096
3210
6553
5994
2853
7139
9327
6770
6091
13
77
126
7735
735
8739
307
6124
8136
6275
8949
4201
6503
2372
3260
2751
2507
8800
4752
4651
703
7555
283
1043
9781
3668
6083
5378
6778
4477
6439
6273
1423
3798
6747
5115
7805
4439
5597
9342
5551
7492
5591
7349
7710
1838
7583
5958
7516
2305
8020
6370
1230
9915
4077
9568
9241
2660
6275
7077
2619
243
3262
8038
7305
1217
8455
8532
3117
5972
3221
4080
9780
3988
6290
1268
7150
8818
4087
9433
1819
9207
1667
8339
7303
9811
8943
2792
9987
9944
1899
126
241
3781
3466
1491
5351
475
3753
2896
8075
7602
4328
6929
5314
6397
6220
1101
1773
2188
6346
3750
4203
8498
2040
3435
8920
8228
8377
2773
2602
370
7975
2638
3525
5685
7968
7675
5441
9781
3833
9054
1272
7035
4757
5416
8829
3787
241
271
5718
4258
2617
420
5641
7606
5170
475
3265
9585
557
2506
9858
7227
9205
8664
6867
9984
2371
8569
9644
5783
9570
3791
8485
5407
5033
8004
9190
3667
2903
8774
310
779
5849
1892
9297
2398
6779
4213
4713
1743
8355
5926
6712
2240
9981
8191
2962
4148
6964
7091
2214
3567
1527
9828
2682
7299
366
4097
7449
1981
8440
6590
4062
938
3674
1552
518
7180
2273
5340
4823
5997
9325
7902
311
5575
4384
7144
3921
9083
6727
7096
9595
6656
9957
5825
4016
723
658
4032
6847
3111
775
271
2675
2675
8415
3725
3725
4692
6749
483
483
2341
5711
4241
4241
5831
5831
6181
9036
9131
1324
1324
417
417
417
6381
9828
7135
496
496
2810
2810
3522
3522
4649
6103
7082
3671
3671
6113
4988
2209
2209
3167
4445
1691
3167
46
46
189
4789
2072
5109
1662
1662
5027
5678
2028
5027
1423
1423
1478
1478
3537
9976
493
493
6672
1370
1370
5880
1060
1460
5880
533
533
3699
7934
5851
3699
5460
8876
4851
4851
7122
7122
7843
9543
1909
7843
189
189
597
597
7078
3785
3123
3785
2500
2001
2001
2614
2614
7588
325
325
4639
217
116
116
1639
701
1590
1639
77
77
1091
1091
1857
7831
2493
425
2493
376
376
454
7176
8754
5639
9344
1314
1314
7037
6822
454
454
1118
1604
3020
4712
4354
2219
2715
3404
1706
6314
8513
7633
5432
9914
7285
5600
6120
3932
6247
2009
1118
1304
7422
5014
9882
3576
1304
5877
5247
9223
1901
5247
298
298
360
1269
4070
315
315
373
435
446
801
8710
3247
2271
1330
7000
1165
4045
6132
5455
1559
1480
4183
7571
7902
1725
1298
7485
2741
9765
9608
3758
8159
5010
8533
5247
4039
7311
4000
7505
3805
8351
3128
3146
2328
9346
6536
4615
5694
986
5481
2789
7508
6570
6011
9871
1434
4248
7307
9977
4653
9336
6424
5899
1917
2616
6597
5442
4911
5578
1314
5792
6584
8525
1333
9349
5152
2493
6845
9468
7456
915
1948
9529
6364
1967
3644
3795
1902
7539
2532
3477
805
9759
7385
6455
4168
1017
801
3477
7899
8425
8124
3559
5643
5643
6801
8641
8885
4006
4168
1020
1020
5929
373
3891
215
373
11
11
215
3929
7363
1547
5707
3794
3794
4103
7194
277
277
6859
7433
96
96
693
1938
3998
3513
7865
5379
5379
9484
7169
2126
7114
7169
471
2126
2786
226
226
7777
1688
6236
1187
1187
2632
2826
5961
2966
6401
8556
2861
2632
5776
8504
4126
4126
5835
2638
3644
1176
2638
636
636
1176
9287
8403
2891
4691
2463
1591
705
705
1163
3327
2834
3232
8437
8318
7584
3142
8318
539
539
7303
1584
4641
1315
1584
1327
1584
251
251
276
276
7036
938
1513
3627
1151
2927
6236
3597
8703
661
4075
1175
362
8313
9254
9977
2961
9066
2940
5528
8182
9940
4578
3559
6764
9088
3586
8744
1685
276
2371
2371
8738
4206
6071
2051
4206
1383
1383
3576
4300
4300
4928
2055
1083
1083
4103
3775
4103
1771
1771
5706
2907
2907
2755
2755
8761
7617
1663
6915
7617
99
99
546
1003
4654
6296
4452
4452
5584
5584
8424
3
3
693
2294
2294
7405
435
2487
3139
1978
1978
3139
1675
1675
5047
6707
4032
5047
546
4032
185
185
573
973
1122
7847
8359
8797
5189
5741
3753
1163
1163
3314
3314
5404
8541
1997
1997
2631
8109
94
94
240
780
887
1325
5079
7741
5716
1160
1325
2398
6740
8265
8069
6005
9036
6438
240
240
368
6332
4376
3946
3008
8170
2085
2085
8155
2026
573
573
970
1594
7043
9959
4069
2398
2398
3489
3132
368
368
3171
8202
1729
1729
4223
3159
128
128
1122
1729
1959
8491
9387
8386
5791
227
2130
2453
6870
6427
6521
6870
2608
4964
2381
2608
9
9
759
4170
970
1698
5604
6000
6378
2130
3973
4843
4966
973
5334
4393
7851
6121
9340
7745
4683
4905
9134
7886
2365
7106
759
1288
1288
2262
3879
9291
6844
5951
7692
6972
1704
1704
2070
4175
3879
4434
9087
8403
2423
6508
2651
4252
2159
2070
6508
9071
6553
8381
5067
9541
649
649
1707
2070
3439
3752
6831
9255
6522
3856
5537
9366
7245
4138
3439
1454
1454
9780
1841
6838
9780
1631
1631
1444
1444
3327
9993
38
38
107
1627
8403
4794
1518
3327
1708
1195
1195
2389
3883
3602
5192
9993
