Filename: ran2K.dat

Sorted Data
1
2
2
4
7
1
1
3
3
1362
284
699
1166
297
1973
6
6
85
1752
1862
531
776
1036
594
1018
1370
1021
646
534
232
685
1348
1265
1844
1821
1229
85
112
914
1687
876
450
1568
692
304
1106
1163
417
274
1459
1332
141
112
1240
772
1240
663
663
127
57
57
712
1237
1961
915
915
331
158
158
508
570
508
1556
1217
499
499
644
653
494
494
1068
1068
1022
356
1022
283
283
506
737
737
654
392
392
800
1049
360
1049
161
161
391
391
1790
1157
1157
505
505
925
925
1740
1607
1607
1822
1992
624
624
1365
1251
1365
177
177
270
574
270
1380
398
131
131
176
502
1953
647
1466
374
405
1065
1566
1522
369
1261
1548
1883
1658
305
176
1431
1498
535
535
1698
82
82
1038
1038
128
128
169
464
1721
366
1115
1211
1377
963
941
1288
243
184
1949
1422
580
169
1619
1619
1716
479
479
1218
434
434
554
590
554
587
989
1885
1924
649
587
1107
739
739
1500
282
282
1965
116
116
762
377
377
754
814
1642
1642
794
557
557
1004
1024
1004
1412
1165
83
83
227
1514
588
588
132
132
1146
1146
1328
916
1328
80
80
268
1486
209
209
1791
264
264
231
104
104
1258
1629
808
808
1773
840
840
602
602
1450
1560
735
735
151
151
76
76
470
1206
1683
1487
1206
1329
277
277
1631
15
15
358
975
197
197
353
831
51
51
1512
973
973
677
105
105
1667
168
168
730
1358
1026
1026
1084
1388
1461
1340
1340
555
185
185
367
367
1093
702
702
901
901
384
384
829
1034
191
191
323
1027
1001
1027
607
818
233
233
490
1108
490
1141
1102
451
451
487
408
408
722
1962
1271
1020
1807
1806
1453
722
1685
725
725
469
469
918
255
255
601
1192
32
32
47
789
252
820
874
393
47
174
1361
72
72
119
576
576
643
745
496
496
1016
10
10
17
773
342
1355
1955
1072
718
827
362
613
492
1818
1138
929
190
899
372
1104
337
542
75
1009
488
1324
1845
422
1907
308
261
1496
1622
1581
149
1718
548
1750
746
108
26
1925
639
742
942
1227
1175
1179
386
1323
1235
1255
77
310
1998
572
640
87
724
395
1316
1445
1155
1741
1525
1112
412
402
380
88
604
1095
70
907
214
1172
1648
1066
736
1582
788
1956
1894
948
1110
1113
1922
437
1869
562
476
686
1226
1242
1681
753
784
20
1114
983
1405
1313
1908
891
1843
1246
42
622
1610
1426
1243
17
48
1558
1189
1938
844
1490
932
461
1220
778
1805
1912
608
1390
1079
1738
751
48
830
1137
59
59
1087
299
299
744
988
1378
953
953
240
240
1338
1397
890
890
1070
1140
18
18
861
861
1785
675
675
172
172
249
249
295
1755
1039
1039
91
91
170
170
628
832
1966
1531
1531
1064
706
706
1546
262
262
423
596
1701
700
480
1851
1551
944
423
1591
1618
1363
1363
183
183
322
468
959
263
263
319
1579
1505
838
1802
994
1766
1394
931
1392
1817
1684
1990
1406
993
1930
547
804
1939
796
1094
1105
964
1606
446
1290
1042
1436
811
1444
859
1315
1732
1167
319
1402
378
378
835
779
779
1278
1529
1887
966
966
71
71
375
375
236
236
1183
1309
1601
954
954
1154
1154
200
200
1934
81
81
1510
1221
1221
1268
816
1268
78
78
471
471
315
315
394
1446
107
107
201
1860
797
1771
1971
853
986
1705
1799
1352
1043
1099
1013
1652
1044
1054
1263
1123
1164
1122
597
338
955
1836
1381
1679
456
1734
714
517
1709
1931
871
902
1710
433
201
431
275
275
585
1784
810
585
1760
1772
1449
1449
64
64
1673
154
154
541
726
347
347
672
34
34
285
1126
285
982
389
61
61
207
583
1482
972
787
935
1173
1792
659
207
1135
1019
1135
403
403
1341
90
90
92
770
785
1280
160
160
439
439
192
192
1357
257
257
606
606
1196
1081
1081
1776
22
22
29
1757
908
246
1584
1804
126
633
1168
198
684
1985
459
1158
1690
1625
667
605
819
329
1097
883
793
1484
1160
1675
681
1986
995
1604
1614
951
1903
669
705
824
1344
1980
1537
815
1393
220
1244
1372
178
904
448
1724
892
1132
164
294
1327
865
1411
1007
1269
1180
837
1174
1989
1722
455
273
1301
1798
1248
29
45
1951
564
1127
1473
1641
334
352
458
516
733
1334
219
195
1699
1199
1863
1014
359
111
560
698
1434
978
203
1730
525
1763
302
760
1523
758
1720
1968
1688
404
1513
981
1295
147
1145
1349
1028
721
1747
527
1952
1119
289
69
795
1033
1310
763
806
300
809
523
893
54
905
1005
1419
927
1319
509
382
834
1811
1291
324
504
1373
1360
118
1613
489
1031
693
1853
1433
526
1282
351
438
1161
298
759
1474
775
482
1286
1572
1715
1825
738
45
129
129
196
1800
691
1598
1202
1130
316
1368
1632
812
196
1177
1379
12
12
21
167
1326
1277
1479
1770
1197
843
1639
327
1118
1391
406
167
272
923
1944
1707
1664
272
426
823
330
330
279
279
529
1455
1762
1389
1389
1671
208
208
335
335
1605
457
457
1270
1270
1874
187
187
325
1649
1833
1285
449
841
340
381
1078
764
538
1047
472
1386
1975
1812
878
822
674
325
1059
886
466
466
1764
258
258
1519
124
124
992
992
1305
1305
727
727
1561
113
113
415
415
528
553
636
636
55
55
805
1847
1808
1704
805
1415
922
922
253
940
224
224
9
9
11
1216
1156
1281
566
1124
418
1530
997
425
1871
1085
1541
171
777
530
345
363
821
1194
313
413
1996
343
1495
385
919
1339
1337
271
13
1188
213
546
1557
278
549
204
845
501
136
1279
682
1892
138
720
1638
950
1994
1367
579
1888
1483
1737
66
1988
875
1193
312
465
1602
460
52
373
1336
1451
1325
473
689
1195
1452
710
484
291
153
1209
1057
1139
1839
2000
1462
24
731
453
958
1983
1765
803
1748
430
216
30
839
1875
1940
513
615
858
1185
1300
1899
768
584
239
1585
1318
1170
301
1464
1504
863
1414
1050
251
1550
573
766
1597
1469
1774
60
1689
1082
1761
1350
199
1969
388
1801
1958
478
1440
852
524
1739
1756
120
1485
1359
1354
1077
1650
244
1736
854
1307
336
1935
1418
1626
715
578
1571
1069
707
318
491
599
750
1387
1232
868
949
1630
1429
550
1521
290
968
610
68
1011
1191
1867
1746
1176
1786
435
1234
887
1432
74
991
1866
1731
592
1759
1852
1886
969
1121
533
159
1048
581
867
1549
1706
1430
182
851
333
519
1676
1330
900
1832
1972
303
1877
1275
1976
717
1702
1795
930
967
598
589
792
1003
1385
296
634
424
419
1559
140
1493
1959
1526
62
938
1835
774
801
716
976
1831
1000
223
1901
115
339
1711
1101
371
1517
1186
1524
1775
1589
1539
671
651
1984
755
1840
1343
36
1111
507
575
1259
869
348
226
163
11
25
37
95
250
638
595
162
414
1963
614
1274
1826
1171
1249
1128
1758
1797
836
96
873
307
1592
1769
719
157
1035
1712
211
1506
885
110
420
1041
194
1816
1881
1917
462
175
713
1733
379
1645
668
1463
1470
522
134
802
1796
1236
1873
520
95
287
591
485
440
344
355
1981
511
561
791
1448
543
1915
1717
977
1133
1063
341
1062
1250
1827
396
1396
326
1574
1577
833
287
306
786
256
256
943
683
943
31
31
35
695
780
697
1617
1870
1991
1700
411
1467
556
235
1351
1006
1964
866
1621
586
1090
658
400
850
1562
1488
1040
1125
1603
186
234
1219
1609
1477
238
1948
1623
652
1408
783
1923
1857
1636
1424
911
1744
984
397
603
1096
743
148
1728
445
39
1814
552
563
582
41
1413
637
1089
1136
259
709
317
1552
1153
1247
1060
443
35
38
452
1421
67
165
515
1423
1320
521
38
1239
577
577
971
1303
58
58
767
40
40
56
56
1460
1515
4
4
7
680
1212
320
280
280
1053
101
101
218
1540
1369
1995
1207
864
1002
979
1120
248
218
544
544
616
616
1159
5
5
19
888
1520
146
146
1913
635
635
1245
813
813
1371
293
293
708
1012
1075
428
428
28
28
281
44
44
1073
1073
1856
881
881
135
135
512
632
106
106
137
650
2
2
19
43
1289
1260
1563
202
928
1891
1727
1267
817
63
1692
166
288
188
1918
1502
1223
229
540
630
242
1029
1508
1254
626
173
1317
180
368
1788
648
1708
444
1570
1088
664
19
33
100
1662
558
1547
1299
625
661
436
436
558
618
1608
1213
1501
474
474
1228
510
510
8
8
21
21
1666
945
960
1491
84
25
483
1131
1978
609
1203
1898
611
495
1829
1654
704
1457
1787
121
761
1767
1311
568
156
757
1083
376
1624
181
100
631
1333
1238
1356
514
144
974
1144
53
1262
1297
1909
769
1889
1465
98
926
1335
260
629
215
1058
980
1443
286
1902
1205
409
1074
73
117
1489
920
65
939
748
205
1674
1578
1657
645
1533
1905
350
673
1777
849
125
1713
1293
532
265
1656
1015
623
237
600
1382
142
432
559
897
567
670
1876
1080
133
539
1794
179
1017
1441
1399
429
621
493
1178
1916
454
1841
571
1051
1861
500
21
89
97
1052
1302
1198
1076
1409
665
475
536
1308
970
364
399
332
1507
228
1447
225
924
909
1979
1276
537
97
102
856
1256
354
1492
1919
1401
952
1497
463
996
1594
1943
114
756
467
1640
427
102
1932
1725
1481
1481
1854
497
497
1273
3
3
16
23
89
690
1714
790
1849
1627
1837
1719
569
1974
486
1783
782
855
442
1322
1914
1834
1184
734
1782
139
89
846
1416
1937
1848
1252
903
1686
857
846
1553
1680
1148
1148
1225
765
765
16
16
678
1030
23
27
94
1678
247
921
1384
728
679
1055
1957
1091
189
1612
1321
276
103
1723
143
1210
593
1595
1633
666
912
1403
1152
798
1668
1528
1428
390
1298
1954
267
94
230
1109
1753
346
1241
1634
1143
230
254
254
1287
1682
1375
1682
37
37
122
965
895
825
357
1628
217
122
210
1284
1665
1442
1071
407
1977
1353
1637
1272
870
210
985
749
416
416
933
7
7
503
771
1181
46
46
123
1499
311
1306
1037
93
93
1518
1215
1215
361
86
86
1534
747
747
1929
33
33
50
50
269
1231
27
79
123
934
1859
1926
1544
99
99
1651
222
222
934
934
1982
152
152
79
79
222
309
694
620
1025
1056
349
910
1644
1635
1092
1142
498
498
328
328
1294
641
641
421
421
656
1283
1283
1999
447
447
807
1651
687
1703
245
656
1878
1580
1134
