Filename: ran5K.dat

Sorted Data
3
3
3
3
9
9
9
9
9
9
14
16
21
3317
9069
5397
8007
5737
6721
3627
6791
8812
13
13
1307
7168
8052
8251
3856
3578
1307
9471
2691
1137
1137
126
126
4236
1311
1311
1544
4292
2194
1117
4292
1158
1158
4715
25
25
42
96
8591
7651
2854
4290
6988
5170
9205
4776
4544
2885
2885
3582
5573
8527
7000
7718
5512
5512
8819
5227
5227
5697
1379
1379
3818
9398
1656
1656
2830
5747
6393
380
380
4458
7890
7558
5556
5556
2711
2711
6002
8893
356
356
531
531
4231
1661
240
1661
2016
15
15
84
7643
521
584
875
7793
7313
2844
5914
84
1945
1945
4277
5156
607
607
1640
9817
8440
2973
2973
3462
3462
7398
6318
4935
6318
8025
295
295
370
370
2731
826
826
1383
9367
6999
2795
6177
3985
6382
2572
2367
6648
6879
7116
2522
2949
8960
3483
4890
5181
6921
7701
4273
1383
2188
9040
5721
3204
2188
9188
2579
2579
7958
9761
3572
3572
9388
6597
6597
3229
3229
4261
8115
3011
3011
9203
5174
353
353
5001
5871
4889
4889
8146
6798
233
233
317
4867
6055
7986
7806
8944
2399
2399
3254
4943
7190
7264
913
913
2853
6413
2449
2449
3002
3002
3523
6253
5116
3029
3029
4721
156
156
7116
303
303
3643
8260
1692
1692
7120
5996
1947
5996
8120
1708
1708
8762
5117
5117
2519
2519
6861
6011
6861
7194
3831
6011
7194
117
117
763
1081
3039
2441
2441
9806
3923
9463
1098
1098
2941
9471
1968
2941
229
229
1145
8630
1830
1830
2053
2053
3991
4052
7259
3206
3206
9366
6652
7098
4171
6652
1049
1049
6534
1273
4693
9
9
9
38
833
10000
7105
2372
2313
1784
8109
4233
1130
4860
9646
5455
4650
5130
9312
1940
5050
5164
3289
963
1939
2032
3558
8301
6865
4574
3376
5878
5307
6042
8207
3384
833
3045
4279
2292
1115
1115
1978
5711
487
487
6239
2526
6239
7088
1154
1154
785
785
950
950
7052
4391
4391
4134
9006
2030
4134
1836
1836
5192
7216
1206
1206
4404
7436
5250
5932
3784
5250
207
207
9349
2643
6599
158
158
5280
1795
1795
262
262
496
496
7876
7873
3282
3282
3360
4710
4950
7189
240
240
2423
7106
3455
5206
3209
7218
7485
8233
9174
4053
2423
4284
3639
2542
2261
2261
4576
5654
6880
7902
9639
3144
3144
9463
3915
3915
9359
1706
1706
995
995
1453
1453
3292
1342
1342
6565
4082
6565
2490
4082
2126
2490
7502
1758
1758
1075
9119
321
321
829
829
2662
3376
4425
2441
3376
1121
2441
227
227
4338
4338
6831
3819
2004
3819
43
43
9346
2965
2965
3518
4778
1306
1306
1701
1701
3060
3060
8733
9382
9245
2515
8733
9245
433
433
9514
2451
2451
9624
9802
48
48
3625
8467
6968
5818
8467
3249
3249
3625
1844
2010
660
660
7716
1598
1598
4695
185
185
3148
202
202
582
582
3457
992
8010
1845
6640
7979
6301
641
4488
8393
3960
6601
8554
1583
9561
763
8716
1935
9115
3110
2867
8328
8021
2923
726
2797
5727
5049
2712
582
1545
1545
1772
1830
5052
4982
5372
5565
9523
8323
4783
7852
1830
4006
3950
3950
7236
3982
2522
2522
2537
152
152
2804
5975
3316
283
283
414
562
6724
7931
6908
5579
1750
2255
6000
2232
3865
4839
8696
4985
6842
594
7045
6973
2423
7620
8862
9730
5266
9343
1334
4499
1069
3663
8907
9768
3823
6308
8884
9727
3122
562
3177
3331
7464
577
577
8650
4487
448
448
1482
2207
3080
8011
7980
5329
3080
5460
5759
3106
3106
1020
1020
3550
7678
8698
3702
3702
6421
389
389
547
3509
595
7623
1080
9962
8235
3981
549
9225
3982
1256
5885
1541
6570
4193
4958
946
6492
9509
8142
2094
547
9393
4878
4878
5668
6229
4368
4368
5448
3241
1314
3241
7840
736
736
3842
7427
2655
2655
191
191
3087
7533
523
523
7464
4543
4543
9854
8104
8104
3320
2307
2307
8913
3038
3038
8149
1972
1972
1061
1061
9568
1440
1440
2029
8227
2842
2842
3791
3791
4555
4719
6908
270
270
1031
1031
8249
9355
1883
1883
7870
7672
2126
2126
3242
6800
4612
4612
4761
4761
7666
414
414
7434
8716
999
999
4771
7507
1196
1196
5713
5713
7349
1272
1272
7807
6032
1183
1183
3095
6779
6446
1552
1552
8861
4504
8861
9413
1794
1794
2878
3363
4263
7571
5766
1894
1151
1151
4627
6925
3363
3363
9248
8465
128
128
174
3925
8473
9386
5638
5638
9548
9980
8555
8555
6496
176
176
256
256
2405
1707
2784
1071
9405
2412
3991
6131
7838
4595
4010
3472
3843
2931
6367
6381
6456
4309
8415
2259
9839
4051
9888
2544
256
9456
9781
1672
1672
2854
24
24
25
1364
1621
8784
6080
5532
5874
6660
8073
4047
1621
9394
4506
4506
7777
5502
4677
6660
3747
4677
458
458
8688
1332
1332
2224
2224
4603
4595
2678
2678
4690
9703
1314
4690
36
36
1360
6847
3144
1360
9543
6057
3683
15
2763
7860
6569
9238
9
9
16
20
7697
4394
1162
7863
2011
6709
187
3083
1647
4215
2225
9325
2258
1476
2149
8436
4779
4651
5680
9329
4832
7049
3584
1177
5391
215
8350
7002
9896
3993
8036
8555
8003
3967
6974
8450
1159
9767
8013
480
190
2632
5990
4057
2083
5705
7133
3702
8167
5467
4050
9543
847
7769
1028
9738
1126
6883
9299
770
4054
1032
6986
6556
4326
2805
3395
2293
9198
7927
2354
4001
920
793
4284
9670
5867
233
1684
2979
2550
3911
7725
5508
5712
4826
2633
8381
8678
8339
7559
9279
1154
3160
609
5768
4671
4743
4737
865
2842
4518
2174
1797
8641
3396
5092
7869
5871
3000
7187
8403
7029
3037
5861
6664
4737
8267
9705
727
8940
3495
958
7205
7051
32
7634
8797
9230
2055
5003
1575
5997
6305
1122
2957
342
3570
6088
6299
1547
5377
9713
3048
2889
4336
7304
8390
419
1575
8239
1333
4998
9705
7016
5160
4790
4743
1476
9186
385
5449
7882
7771
9753
3489
7537
7509
5199
2886
4632
8542
9532
2179
21
925
3606
7739
587
2001
2444
1672
8915
5697
2122
2755
2934
9695
4603
3823
237
1413
2703
4076
6750
8736
2389
9714
4441
6417
4579
1352
7773
4115
3653
1653
3559
6983
4840
1610
3930
4751
7683
8918
7102
249
7771
6872
5607
3297
3910
7239
6710
898
2940
5519
4671
9694
9371
2054
9550
1582
2033
7412
2247
8477
4923
5488
460
7108
4440
2756
5242
9831
197
7107
2856
2362
1590
4720
1613
4391
7317
8399
8371
3995
38
5802
4396
1802
3354
1025
5260
5845
3301
7948
4477
3021
1541
8808
5547
8124
2443
6417
2116
6369
1234
3474
920
344
5413
7400
7219
7342
6619
4144
7386
7996
5128
9386
8365
2161
4178
580
8662
2981
6310
8281
574
5078
8897
174
8329
7792
1074
6273
1836
9431
9228
8690
727
3439
3261
4450
8381
2448
798
4756
608
1131
1527
9168
8703
3802
8873
8110
1528
7706
1175
2167
6336
7917
9567
1587
3001
4811
4743
4440
1372
20
9802
6865
6395
1831
1831
3846
739
739
6023
3954
5948
2568
2568
4741
7226
5700
1654
5700
323
1654
197
197
7249
746
1654
3312
8451
8817
51
51
95
5078
5766
5544
6729
6641
8055
2003
6641
16
16
8892
524
524
2464
1106
1106
2763
2763
2767
6195
3465
3465
7818
7869
8708
7085
7085
8247
384
384
5783
6210
6362
7119
5712
6210
7119
3980
5223
54
54
228
164
164
1704
4574
1246
1246
5839
4280
4008
4008
4280
865
865
4909
2885
4909
7661
649
649
1023
2914
3890
6051
1043
3890
59
59
75
141
404
8249
7483
1802
6691
2426
3141
3551
5349
1711
8494
6086
7209
9587
8051
3709
3709
295
295
1637
8606
3182
4606
7869
6142
5535
1914
1637
4105
4105
6740
9731
4051
4051
2338
1272
1272
7495
2419
2419
8497
3104
3104
4650
4650
5781
479
479
1190
1190
3895
9953
9751
249
249
460
8373
6626
1289
6549
4918
5280
5679
5812
6089
3298
6899
9482
2686
765
8852
3435
4210
8676
7557
7718
7520
7536
1389
3648
9209
2580
3020
6134
6405
6546
5253
9641
5679
5952
7918
1259
4740
1799
8041
9285
6615
653
460
773
773
992
1069
1069
2429
2429
9901
6740
91
91
106
6366
8730
1180
2751
2607
2751
7335
1470
1470
2842
2842
7734
3941
504
504
1147
5346
9083
6317
7186
2928
6317
2018
2018
2693
2693
6682
1096
1096
5077
3778
2551
2551
3054
466
466
1007
8967
8815
6769
7365
4334
5513
3862
6202
3827
1007
1303
1303
6634
4026
4026
7164
9991
2398
7164
855
855
6124
2857
2857
6440
3630
220
220
3582
5166
7480
7867
2955
2955
5249
7773
4311
4311
6609
3089
1017
1017
1807
1807
2099
2099
5902
8137
3451
3451
1545
1545
6820
3759
4090
6820
2829
2829
1205
1205
7739
3855
3855
5966
8615
3329
3329
1722
1722
3066
3475
3085
3066
7682
4942
4412
7682
221
221
3939
5877
691
691
610
610
7934
885
885
979
7245
9683
9993
3133
9185
6927
2980
1707
3449
9086
4142
4789
3737
9144
8112
5655
4551
979
9165
6525
5870
1700
6525
370
370
4115
2062
2062
2933
6522
2647
2933
1998
2647
844
844
7650
4507
2161
2161
2676
3579
8398
2043
2043
5489
3529
4173
2040
3529
102
102
7891
6947
9583
4724
4724
4778
5199
1559
1559
1465
405
405
939
939
1908
269
1908
2946
193
193
1288
9524
6295
1288
5494
1570
1570
8619
2518
2518
3781
4887
9709
7505
2824
2824
4160
2889
1042
1042
2232
3370
537
537
1906
1906
5065
5169
1752
1752
7203
3472
5446
1958
1958
5120
1828
1828
3634
3793
9294
2026
2026
5287
688
168
168
7606
9407
4578
4578
7919
4788
7078
7919
1051
1996
8634
635
635
6115
2394
2394
7631
6081
6752
2416
2416
3240
3240
5116
9108
6614
6131
6614
154
154
1065
9297
5154
2968
8162
7129
4375
4683
4616
7170
1749
5967
3799
7377
3189
1065
1366
1366
5361
8741
7378
6436
5361
5735
6640
6588
3681
3681
7306
5527
3992
3992
4928
6540
598
598
4147
1606
1606
5888
5202
1889
1889
9426
7458
2484
7458
808
808
4901
9451
67
67
5689
5399
1253
1253
4651
1319
4553
4651
1089
1089
1275
1275
1515
1515
2639
2639
5226
7912
8313
5240
5240
5416
5643
9101
1589
1589
5490
1623
1623
9569
5634
3881
3881
4166
7279
8238
7444
516
516
6636
5380
8353
1273
1273
9817
4774
4774
6279
6279
7293
7806
8320
456
456
7147
404
404
8055
1191
1191
1888
1888
1952
872
872
2034
2034
2034
4389
4389
4454
8145
6687
1063
1063
6004
476
25
25
27
33
49
6150
5222
3147
7741
7402
5234
6510
3523
9930
571
7874
4518
6471
510
4518
384
384
808
8346
999
5587
3433
1737
954
1365
6486
5961
6209
4155
8767
5547
2609
1069
3912
3068
945
808
1424
5778
8233
9665
4862
9959
9930
7577
3143
1424
2737
186
186
801
2710
7826
4646
5694
8339
7374
7885
2177
3304
7930
900
2373
8582
6222
9543
3233
8599
2706
1867
5948
1109
4288
7567
5766
5499
4593
1309
5466
9189
7747
7132
5915
6829
6577
6117
2158
1985
1195
4495
8467
5976
8878
4404
801
3583
1205
4458
96
96
124
2338
4841
762
3631
6577
6359
3236
7780
9730
5254
9521
4662
124
345
5288
3587
4366
3168
345
5629
7798
7612
3577
3577
5096
6228
2239
2239
8184
3547
295
295
3204
8713
5492
3464
6966
6236
9838
8338
5319
5403
3204
4438
6888
1773
4438
1539
1539
9200
1563
1563
6464
5831
149
149
158
2489
8864
8741
7438
6912
7576
6806
661
2259
3281
5494
998
3335
6688
8403
7176
8969
9397
6514
2734
3980
6386
4053
8224
9168
3469
7223
6350
2778
4420
6752
2255
1857
7460
176
6124
6957
5781
4814
305
8612
1806
7363
8123
9030
9857
1047
6585
7443
6943
6269
158
2539
2539
5687
7811
423
423
9672
499
499
9804
3070
1295
1295
1715
1715
5334
3886
3250
5334
1779
1779
8426
2654
4980
8426
106
106
284
755
755
1197
8847
4371
5204
1936
2136
8754
9096
3310
9145
8672
4405
9587
2670
1197
5006
5113
3345
1337
1337
3005
6446
4454
189
189
886
8894
2882
1061
1061
7270
9916
16
625
9836
8390
9235
8658
8386
6914
625
9706
4117
1013
1013
3135
7901
396
396
625
6389
2761
9138
7859
2395
2395
7515
379
1470
8318
9264
5814
3793
1470
4453
4695
2729
2729
4953
7023
1982
4953
42
42
54
166
5824
1634
1179
639
4395
4827
9557
4917
3686
1758
48
48
440
572
5574
1236
1717
2054
2054
5567
7458
7162
284
284
7399
9063
645
645
5924
2189
2189
4852
4852
9297
5492
5492
6024
792
792
2138
6966
6071
2731
2138
7479
4050
5179
1146
1146
5094
6269
2692
5094
1508
1508
3174
5818
8801
3913
3913
8571
4888
1625
4888
54
54
549
5121
1046
549
9487
9465
3695
910
910
8710
1415
700
700
2244
1357
1357
8017
6612
5371
5371
5506
5649
394
394
2443
8099
4221
1055
1055
7395
7395
7571
7252
3301
3301
8316
4468
95
95
8580
6656
980
980
7848
6919
3415
4948
6919
1365
1365
1382
5516
4827
4967
2246
8388
4605
9865
5049
4047
5676
9961
1865
1382
5807
4213
3097
3097
4000
9599
1039
4000
726
726
3224
2445
2445
8230
3320
60
60
76
5533
7986
2120
9243
3434
7217
3293
8721
9169
4409
2883
9715
3963
752
7613
9047
5881
676
5786
3815
5772
2557
5480
2994
7325
8629
5466
4949
2193
6287
7265
564
6114
7950
1808
6656
6953
1702
9115
9373
630
9872
4439
2260
5849
7751
9319
8678
3572
9641
966
3268
2184
4405
8427
2148
4268
7726
8970
6518
5947
3246
3113
9387
4721
9782
1750
76
6735
6802
3797
3797
9420
5356
5356
7887
440
440
6010
3671
3671
5354
4118
3171
5354
167
167
572
7011
8249
3064
572
1464
6287
7153
6237
2044
5040
3241
7060
7651
9662
7504
3319
1464
2968
3910
1574
1574
3842
1209
1593
501
501
1114
3422
8595
3084
1114
7927
4447
5898
374
374
2576
2945
2126
2126
2126
2474
1015
1015
5510
5510
8834
4459
4459
2001
2001
2985
2985
8007
6876
434
2995
4830
9834
8610
208
208
8057
2087
1409
2087
6962
109
109
132
9212
4085
5291
8018
3244
5379
7057
8185
4828
3088
8705
8940
5084
6475
3690
9946
3410
1771
6910
463
8742
8009
6735
4274
7596
1596
8665
1317
2326
4298
1548
8201
8027
4335
2284
4793
1537
5265
9976
9078
961
2348
5439
7452
9161
1084
7031
2665
9645
7600
8717
6584
8307
5582
1325
9965
9427
9439
2922
6425
9404
8384
9245
2808
6626
1118
132
3111
940
940
2886
8190
1148
1148
1994
8394
3959
539
539
1357
1728
6923
826
826
294
294
8069
7644
1682
1682
6824
3338
3338
3438
6202
3055
3055
8278
9214
470
470
8018
5346
3605
3605
3766
3513
3766
7571
3257
3257
3402
6323
8429
1585
1585
9907
4536
1994
3097
4536
510
510
3693
3693
5220
1431
1431
7578
9349
5846
5846
450
450
645
5593
1521
645
2015
6936
1529
2015
297
297
1479
493
493
1723
5784
7280
9064
7861
2179
2179
3825
6316
1852
1852
4177
4879
8227
7549
2280
2280
7837
4808
1835
7837
1723
1835
1499
1723
800
800
4067
8011
3625
4067
2126
3625
4
4
891
5316
8874
2938
1900
1900
3905
5443
7221
3310
3310
5252
6708
9574
894
894
9669
1314
1314
3791
5389
5170
3791
5452
5452
6272
6214
6214
8291
7724
7724
2863
1183
1183
2897
2897
9572
9608
3919
3919
918
918
2731
6661
3259
1818
1818
1856
4660
6525
474
474
511
2682
2344
9125
7352
9284
8704
9122
5868
5322
8971
5189
2848
8620
4568
9359
9171
3865
5457
8876
8094
2037
7832
2449
1997
8402
6395
6791
1053
1270
9663
3139
9780
8703
1741
8450
2389
5362
8994
939
2894
6673
5061
4676
891
2509
2644
2898
8966
7568
5518
4749
2660
640
9183
5123
8928
9950
3618
2300
4033
6756
6550
3060
6817
4404
699
9968
8267
5014
3420
511
3339
994
994
2178
2178
3565
4321
7408
3165
3165
4538
343
4270
139
139
6342
5990
4270
4270
6072
9720
6379
2548
6379
1338
1338
1375
4906
91
91
931
4338
4338
4689
4689
5669
9654
1276
1276
1276
1911
1911
6393
4230
3443
3443
9778
7450
1064
1064
9741
1400
1400
5171
5723
7461
6454
5457
6454
9182
3903
3903
2206
8610
65
65
95
4162
4489
7321
9440
9725
1285
8922
8394
9669
1746
9157
5443
9480
7964
8408
4047
6666
8383
2559
9722
1663
1217
9086
3690
3396
6683
3272
1425
9203
3978
1750
9541
3791
3935
5563
9460
6940
3308
9915
1291
4608
1608
2813
6363
3151
6445
9782
1848
1335
8288
6846
5911
9825
613
8947
6828
2841
6349
6018
4496
1680
6574
3862
7799
4767
2392
2055
6235
3944
5934
6045
9271
1679
1417
5636
1841
8873
2197
7045
9441
7968
4757
728
1242
1028
5569
2147
4681
7494
1756
7677
9943
1294
1514
2837
7786
1990
5200
5037
9146
9662
3059
8014
9958
8205
495
163
9621
6740
6848
3944
6559
3805
8599
8541
9315
4038
2946
2980
6593
2021
2696
1878
4725
2984
8394
1018
5954
5049
8636
4936
6014
2703
4514
3707
4415
6196
9105
1118
5880
6534
7965
1413
6375
778
1557
6805
2167
7310
5546
2928
5345
5774
9900
4440
4240
1376
2748
7932
2194
8217
9915
4366
3096
1367
6068
8202
7141
2347
8444
5412
5235
7727
9051
7576
5496
5507
6318
4227
276
8987
2105
661
7154
2795
5034
3367
2324
784
6051
296
9834
458
7187
8131
5087
3638
9427
3762
6073
8044
649
2146
742
9475
9547
7742
3970
9297
6499
1706
2556
6897
7300
2035
1677
1811
703
8853
1250
5209
5710
2014
5638
5421
9542
3219
5118
7192
2236
9837
2585
9358
8794
2605
3890
624
4831
4409
5280
8142
6660
2323
6357
8558
1743
95
114
6237
451
3279
1729
8340
5073
4177
9809
1443
7008
8808
4760
9387
8076
3065
1490
7047
6889
263
4611
9707
6219
7263
6348
2723
2297
1350
7468
1175
1985
5073
4674
4178
8757
1210
2908
3554
3424
5063
5988
1550
548
6262
4021
7273
6466
7273
1036
6561
9885
783
1270
4944
965
3175
7532
8409
9842
6245
114
1639
512
512
9647
8422
1038
1038
2373
2373
5987
140
140
224
2065
9135
1344
7586
2862
3472
2912
8031
3666
2013
671
4242
2259
6205
2629
5256
6665
6655
6960
6531
5752
2648
331
6449
3650
6804
6146
2175
3920
2061
6115
9554
4397
3165
3612
6748
8660
9865
2241
6281
5056
3990
8056
5197
9231
7602
8873
8007
1076
4413
9106
2116
2065
1646
3570
424
3885
4540
8688
771
4321
667
4532
6939
1323
6280
6146
870
1189
1839
7586
819
1818
8937
7105
5091
6945
5800
6935
6093
2319
3539
6091
4351
9753
365
9645
7200
9973
5928
2898
1831
224
2988
2988
3891
7555
8596
2702
2702
3720
1970
946
946
2649
1268
5842
895
895
6422
924
924
578
243
243
8876
5053
4974
5053
8317
1081
2274
110
110
602
602
3239
7347
8746
2412
2412
6879
5459
21
21
235
235
2277
7097
9267
4552
2277
8386
9436
6974
2920
6974
1022
141
1022
8613
3
3
28
52
246
364
2824
2187
7984
1485
2220
5098
9424
1549
2943
6896
7569
6003
6661
7587
6551
4266
3364
306
6992
3563
2154
8030
5806
3129
2477
9254
3175
9717
8005
1071
6371
357
334
3091
5129
3299
4698
641
8248
3073
4873
673
6104
610
9484
8831
8781
4360
6868
1104
4483
3343
716
8508
7932
8069
3647
8229
3434
267
935
9678
2300
7367
1549
8874
9308
2653
8709
9610
7898
7050
7138
4838
8786
3457
9211
6698
1676
9590
7161
8640
4778
246
3564
8079
1792
1792
7260
3006
1072
3006
6922
1004
1004
4115
9435
4112
4112
8948
5305
5733
2612
2612
8251
8578
3249
3249
1191
5490
645
645
645
4210
4210
5433
7844
6909
1466
1466
5423
4490
1067
1067
2405
2405
9636
9260
4145
8574
9260
2524
2524
45
45
123
123
160
1816
8352
2962
7951
781
4155
1541
2548
8692
5842
2890
3598
721
4156
7430
7026
3083
4667
6018
4345
1232
7401
3021
8455
9608
4657
1403
8713
2611
2946
7011
8719
1496
9984
4246
5258
6870
2685
312
1825
1485
7088
223
5185
3012
6151
9763
8393
1475
6358
8577
8717
1054
9071
591
3903
921
7562
3946
5212
4805
5673
7621
682
3985
9026
6956
7029
3379
4739
5237
3650
5432
565
3552
7146
1480
9411
6092
9810
5282
160
3088
526
526
743
743
923
2204
4391
4391
9237
5880
5010
5010
3342
5668
2614
2614
1318
1318
4757
6626
3070
3070
4893
8772
3393
3393
3611
3611
5933
8234
3677
3677
7043
2318
2318
5869
2988
2108
2108
7031
7031
8510
3601
3601
3076
3076
8821
5236
4617
5236
3118
1977
1977
6700
9630
3966
3966
7955
4363
1351
1351
8744
5452
923
923
1451
1451
8571
3593
3593
7114
3741
832
3741
27
27
1854
5589
6659
5568
1854
3593
6138
5975
2065
2065
5056
9407
6592
684
684
3558
3558
9916
4965
1196
1196
1651
9555
9958
1948
5815
4000
1651
1651
7566
7566
8263
6446
33
33
36
6397
2099
6071
492
492
2099
3253
7551
3558
9033
7665
6312
656
656
2633
2633
4142
4142
4707
496
130
130
355
6793
9805
7775
402
620
19
19
7959
1921
49
49
97
4589
7933
7250
5942
3046
4841
4584
1128
9223
909
97
99
3230
975
2427
1283
7839
3655
4990
3330
7475
2194
7108
1200
8907
538
3561
4131
5829
3053
2244
5373
4513
1334
4610
6647
2724
6542
8602
2969
9082
710
8749
8792
5064
5445
3118
1382
6829
1474
1808
2390
9054
7465
6675
3535
7973
1565
6976
7353
5793
4088
620
8938
3700
4794
5704
9615
5608
3198
2042
8491
9874
5338
7351
2806
1137
5449
7797
3038
9493
5979
7584
3686
9169
4376
7274
5676
3906
99
5524
1325
1227
270
270
7804
2771
5676
7804
28
28
122
5547
8928
2766
3512
2442
6020
1955
1955
3275
224
224
2996
2996
7872
5121
122
122
210
1471
6578
3091
682
3727
7154
3828
3911
9537
1770
257
4007
8011
1722
9445
1459
6116
7388
5251
3539
210
5838
6057
2848
5838
1791
1791
6535
6402
334
334
363
784
4875
8247
999
7083
8730
1664
5139
8996
3815
3815
8611
6510
4854
4854
9194
5468
2559
3755
5468
784
784
2330
2330
7637
5066
5066
2203
2203
9083
8562
2688
2688
2302
2302
4252
7266
7266
8468
5303
3332
5303
108
108
266
5472
8180
1185
3555
8056
2373
3555
743
743
7971
3739
3739
3841
9821
8339
3841
8876
5024
5024
5494
9611
9053
1492
1492
2440
4962
4156
1917
1917
402
2127
6957
301
301
2419
295
295
2579
2579
9344
5535
7039
1513
1513
2074
3057
9348
9918
657
657
8513
4866
986
986
7504
2953
5284
1552
2953
1314
1552
7391
810
810
1010
4634
3822
2796
3822
2290
1579
1579
7102
9300
3740
3740
364
363
363
565
1156
1156
5640
3596
4053
266
266
1341
1341
1686
6634
5267
8981
4511
7241
2665
1686
4509
2256
2256
8372
6172
11
11
5738
5179
16
16
41
41
8271
7983
6153
1811
6706
3474
9874
6010
7675
2330
7346
5091
9452
4714
9594
7500
3649
8443
3881
192
521
9445
4230
3577
3066
2358
6842
806
5877
8442
3869
6120
9678
3013
3945
1910
7480
9575
2948
9212
3295
2830
3407
1292
9348
7776
5998
5040
2718
7051
1568
9828
7356
3745
7130
8546
2410
1827
4250
497
2794
1415
3282
821
2938
1049
1879
6164
9669
4162
1213
1255
5141
1941
8354
6097
5763
9762
8238
8439
8067
9387
3659
1243
7436
4107
6728
9807
650
9026
233
8251
8177
3665
2345
41
740
9081
3089
2245
917
6687
6042
8213
6286
949
3677
8349
4077
3172
9799
3689
4256
8534
7505
1956
1373
3578
6117
776
1328
6337
5504
7759
5374
6281
1259
2117
2314
6286
9145
7516
4806
3786
2249
844
740
3328
3328
6581
5604
6581
7602
1473
1473
6778
8896
9172
5718
8896
1827
1827
8922
8326
8922
2396
2396
7543
3666
75
3666
4028
52
52
87
9287
8081
4595
3454
3454
3609
4741
7597
188
188
191
2069
531
2057
9782
2958
7958
3829
8936
8852
1749
8934
5228
8285
2918
6641
1626
363
5860
4257
3507
4518
4202
5228
9600
313
3036
3388
3556
3249
4726
6807
801
7498
486
9652
366
1519
4894
5526
6396
7472
5549
702
9004
379
5058
701
9172
7981
7522
8642
7385
7192
6732
8812
681
8142
8249
3886
7802
1687
2553
9239
7145
1373
1461
2781
7192
5764
4990
3762
4101
2073
857
8974
6164
7052
3805
9799
9798
6050
6940
8526
6771
6208
2265
7395
7347
4700
2605
8781
9034
7977
2103
9973
5622
2941
7477
984
6213
5993
7229
8819
8903
888
990
6647
8835
1335
6188
1323
5280
9286
4230
7667
7463
4834
3377
2979
3796
8688
516
191
350
3123
8999
3119
350
2383
4741
2237
2237
3072
7779
4413
2344
7779
1453
1453
8830
2203
2203
6102
2080
2080
1693
1693
4946
2278
8260
998
998
9740
8581
8581
24
24
6050
6223
135
135
822
1651
2952
3098
9999
7702
651
651
9940
3977
3977
4565
5915
7651
1349
1349
3820
936
936
3683
8577
329
329
8432
5585
3208
3208
3682
3255
269
269
314
314
566
1309
4649
4431
4431
4740
4740
6331
1617
1617
9268
3254
3254
8923
1198
1198
4766
669
130
130
3283
3753
6273
2505
2505
8541
791
791
9678
3540
3540
8928
615
615
566
2409
3171
213
213
961
4626
6215
3095
4220
9808
5328
993
961
1159
8317
8640
6687
5609
5409
5713
2500
2500
3008
143
143
790
8210
5379
7025
2576
790
3032
3032
6851
7363
1820
1820
3284
7398
8770
1778
1778
5776
3589
3589
4355
1576
2168
2168
6494
7782
139
139
920
1595
1595
3577
9457
36
36
226
226
255
287
4266
1223
1165
1165
4544
5528
288
288
6082
8415
166
166
345
440
4368
9608
7064
8564
3555
3555
3873
7115
9397
4283
4283
5858
1263
1263
2795
3577
3577
7245
6746
631
631
1287
2604
8903
4823
6240
4474
2604
3088
3088
4675
8334
303
303
478
623
9738
2178
5370
2144
1198
8264
4618
9683
8822
1240
1240
1461
8853
8656
1974
8257
8656
22
22
8614
631
631
631
1335
3814
6261
1567
9293
2682
1489
1489
3940
8027
1251
1251
4371
1466
1466
1785
2540
4331
2775
4725
3544
4030
5941
3619
9112
2586
1785
1850
3496
7025
2203
8824
5205
6307
2828
5802
3012
4489
3406
7226
9684
4807
8230
2397
1850
4361
2566
2566
2772
4096
6021
3553
3353
3553
8776
2539
2539
6533
1622
1622
821
821
3007
5401
3709
5761
3267
3267
7624
8398
4186
7624
1484
4186
1186
1484
1073
1073
3727
7706
8975
9112
536
536
35
35
245
333
5791
2335
8077
9518
6300
7266
2188
7307
2808
5884
2606
2606
9698
6769
2412
2412
9154
2813
2813
3545
6970
3097
3545
2407
2407
5059
6815
2419
2419
6640
9481
1566
1566
3097
628
628
2598
4081
5767
7819
1140
1140
6808
3392
3392
1651
2601
345
1159
245
245
333
2906
5691
5545
2261
6784
2307
6291
5187
5609
3886
6390
9326
9164
6608
9695
2698
6749
3806
6721
7404
784
7268
2776
8766
4700
4780
5212
8681
8536
8580
730
5356
686
4417
8688
6617
9250
5910
1335
8977
1391
3879
6925
9662
4180
5347
6631
3762
5327
1903
1209
3716
7255
2098
8349
3305
2956
7579
6637
3342
7060
7639
7089
1250
553
1870
8171
1721
2588
5614
5255
623
7825
7886
448
9369
2727
6479
3729
1918
9276
9908
1330
1596
9504
907
2303
9938
9328
1159
9208
4717
5076
1932
3858
9374
1184
333
381
1009
1194
5848
2297
9145
9449
6863
2260
2430
87
87
211
381
6493
4946
5116
3074
9924
471
4353
3778
2573
6319
1194
381
9583
656
656
9137
9697
1776
1776
2363
5105
5732
5732
5753
9240
1451
5753
14
14
69
69
4970
3315
3833
6542
7364
4340
2252
5152
2127
9888
3543
6803
5099
1019
7694
4359
2140
1646
7857
5015
1816
1746
9072
7416
3842
8611
1980
1638
478
9553
6202
2983
3064
4514
3069
5516
872
2019
2399
6287
4476
6904
3005
6178
820
3259
1619
8301
2170
1022
9921
9897
6142
9667
4361
8672
8995
7414
8467
9493
9366
9409
2312
2404
4647
3300
8843
7885
7188
5662
1750
287
2502
7691
4567
5400
6683
3613
5690
3072
5199
255
9000
825
267
1193
4780
9407
8984
3937
616
6212
9410
3574
6955
7513
6789
1321
7033
5434
7091
1411
5831
615
69
4756
4756
6488
9013
2832
2832
2832
9391
211
211
773
3565
9184
8200
8554
3768
3768
7820
6784
529
529
1673
6225
8743
8664
3200
5886
8547
8842
4852
1673
3229
9044
1870
3229
1324
1870
744
1324
4852
196
196
773
971
1539
7174
5983
5491
5484
9158
2134
5484
5836
7692
7398
8147
3851
7398
2899
3851
971
971
8802
224
224
5770
2028
4316
5770
1683
1683
4844
7949
3971
4844
1103
3971
4316
2504
2504
9272
3398
8488
1611
3398
4844
822
49
9154
