Filename: rev10K.dat

Sorted Data
1
4
14
18
20
120
125
137
9993
9992
9991
9990
9989
9988
9987
9986
9985
9984
9983
9982
9981
9980
9979
9978
9977
9976
9978
9974
9976
9972
9974
9970
9972
9968
9970
9966
9968
9964
9966
9962
9964
9960
9962
9958
9960
9956
9958
9954
9956
9952
9954
9950
9952
9948
9950
9946
9948
9944
9946
9942
9944
9940
9942
9938
9940
9936
9938
9934
9936
9932
9934
9930
9932
9928
9930
9926
9928
9924
9926
9922
9924
9920
9922
9918
9920
9916
9918
9914
9916
9912
9914
9910
9912
9908
9910
9906
9908
9904
9906
9902
9904
9900
9902
9898
9900
9896
9898
9894
9896
9892
9894
9890
9892
9888
9890
9886
9888
9884
9886
9882
9884
9880
9882
9878
9880
9876
9878
9874
9876
9872
9874
9870
9872
9868
9870
9866
9868
9864
9866
9862
9864
9860
9862
9858
9860
9856
9858
9854
9856
9852
9854
9850
9852
9848
9850
9846
9848
9844
9846
9842
9844
9840
9842
9838
9840
9836
9838
9834
9836
9832
9834
9830
9832
9828
9830
9826
9828
9824
9826
9822
9824
9820
9822
9818
9820
9816
9818
9814
9816
9812
9814
9810
9812
9808
9810
9806
9808
9804
9806
9802
9804
9800
9802
9798
9800
9796
9798
9794
9796
9792
9794
9790
9792
9788
9790
9786
9788
9784
9786
9782
9784
9780
9782
9778
9780
9776
9778
9774
9776
9772
9774
9770
9772
9768
9770
9766
9768
9764
9766
9762
9764
9760
9762
9758
9760
9756
9758
9754
9756
9752
9754
9750
9752
9748
9750
9746
9748
9744
9746
9742
9744
9740
9742
9738
9740
9736
9738
9734
9736
9732
9734
9730
9732
9728
9730
9726
9728
9724
9726
9722
9724
9720
9722
9718
9720
9716
9718
9714
9716
9712
9714
9710
9712
9708
9710
9706
9708
9704
9706
9702
9704
9700
9702
9698
9700
9696
9698
9694
9696
9692
9694
9690
9692
9688
9690
9686
9688
9684
9686
9682
9684
9680
9682
9678
9680
9676
9678
9674
9676
9672
9674
9670
9672
9668
9670
9666
9668
9664
9666
9662
9664
9660
9662
9658
9660
9656
9658
9654
9656
9652
9654
9650
9652
9648
9650
9646
9648
9644
9646
9642
9644
9640
9642
9638
9640
9636
9638
9634
9636
9632
9634
9630
9632
9628
9630
9626
9628
9624
9626
9622
9624
9620
9622
9618
9620
9616
9618
9614
9616
9612
9614
9610
9612
9608
9610
9606
9608
9604
9606
9602
9604
9600
9602
9598
9600
9596
9598
9594
9596
9592
9594
9590
9592
9588
9590
9586
9588
9584
9586
9582
9584
9580
9582
9578
9580
9576
9578
9574
9576
9572
9574
9570
9572
9568
9570
9566
9568
9564
9566
9562
9564
9560
9562
9558
9560
9556
9558
9554
9556
9552
9554
9550
9552
9548
9550
9546
9548
9544
9546
9542
9544
9540
9542
9538
9540
9536
9538
9534
9536
9532
9534
9530
9532
9528
9530
9526
9528
9524
9526
9522
9524
9520
9522
9518
9520
9516
9518
9514
9516
9512
9514
9510
9512
9508
9510
9506
9508
9504
9506
9502
9504
9500
9502
9498
9500
9496
9498
9494
9496
9492
9494
9490
9492
9488
9490
9486
9488
9484
9486
9482
9484
9480
9482
9478
9480
9476
9478
9474
9476
9472
9474
9470
9472
9468
9470
9466
9468
9464
9466
9462
9464
9460
9462
9458
9460
9456
9458
9454
9456
9452
9454
9450
9452
9448
9450
9446
9448
9444
9446
9442
9444
9440
9442
9438
9440
9436
9438
9434
9436
9432
9434
9430
9432
9428
9430
9426
9428
9424
9426
9422
9424
9420
9422
9418
9420
9416
9418
9414
9416
9412
9414
9410
9412
9408
9410
9406
9408
9404
9406
9402
9404
9400
9402
9398
9400
9396
9398
9394
9396
9392
9394
9390
9392
9388
9390
9386
9388
9384
9386
9382
9384
9380
9382
9378
9380
9376
9378
9374
9376
9372
9374
9370
9372
9368
9370
9366
9368
9364
9366
9362
9364
9360
9362
9358
9360
9356
9358
9354
9356
9352
9354
9350
9352
9348
9350
9346
9348
9344
9346
9342
9344
9340
9342
9338
9340
9336
9338
9334
9336
9332
9334
9330
9332
9328
9330
9326
9328
9324
9326
9322
9324
9320
9322
9318
9320
9316
9318
9314
9316
9312
9314
9310
9312
9308
9310
9306
9308
9304
9306
9302
9304
9300
9302
9298
9300
9296
9298
9294
9296
9292
9294
9290
9292
9288
9290
9286
9288
9284
9286
9282
9284
9280
9282
9278
9280
9276
9278
9274
9276
9272
9274
9270
9272
9268
9270
9266
9268
9264
9266
9262
9264
9260
9262
9258
9260
9256
9258
9254
9256
9252
9254
9250
9252
9248
9250
9246
9248
9244
9246
9242
9244
9240
9242
9238
9240
9236
9238
9234
9236
9232
9234
9230
9232
9228
9230
9226
9228
9224
9226
9222
9224
9220
9222
9218
9220
9216
9218
9214
9216
9212
9214
9210
9212
9208
9210
9206
9208
9204
9206
9202
9204
9200
9202
9198
9200
9196
9198
9194
9196
9192
9194
9190
9192
9188
9190
9186
9188
9184
9186
9182
9184
9180
9182
9178
9180
9176
9178
9174
9176
9172
9174
9170
9172
9168
9170
9166
9168
9164
9166
9162
9164
9160
9162
9158
9160
9156
9158
9154
9156
9152
9154
9150
9152
9148
9150
9146
9148
9144
9146
9142
9144
9140
9142
9138
9140
9136
9138
9134
9136
9132
9134
9130
9132
9128
9130
9126
9128
9124
9126
9122
9124
9120
9122
9118
9120
9116
9118
9114
9116
9112
9114
9110
9112
9108
9110
9106
9108
9104
9106
9102
9104
9100
9102
9098
9100
9096
9098
9094
9096
9092
9094
9090
9092
9088
9090
9086
9088
9084
9086
9082
9084
9080
9082
9078
9080
9076
9078
9074
9076
9072
9074
9070
9072
9068
9070
9066
9068
9064
9066
9062
9064
9060
9062
9058
9060
9056
9058
9054
9056
9052
9054
9050
9052
9048
9050
9046
9048
9044
9046
9042
9044
9040
9042
9038
9040
9036
9038
9034
9036
9032
9034
9030
9032
9028
9030
9026
9028
9024
9026
9022
9024
9020
9022
9018
9020
9016
9018
9014
9016
9012
9014
9010
9012
9008
9010
9006
9008
9004
9006
9002
9004
9000
9002
8998
9000
8996
8998
8994
8996
8992
8994
8990
8992
8988
8990
8986
8988
8984
8986
8982
8984
8980
8982
8978
8980
8976
8978
8974
8976
8972
8974
8970
8972
8968
8970
8966
8968
8964
8966
8962
8964
8960
8962
8958
8960
8956
8958
8954
8956
8952
8954
8950
8952
8948
8950
8946
8948
8944
8946
8942
8944
8940
8942
8938
8940
8936
8938
8934
8936
8932
8934
8930
8932
8928
8930
8926
8928
8924
8926
8922
8924
8920
8922
8918
8920
8916
8918
8914
8916
8912
8914
8910
8912
8908
8910
8906
8908
8904
8906
8902
8904
8900
8902
8898
8900
8896
8898
8894
8896
8892
8894
8890
8892
8888
8890
8886
8888
8884
8886
8882
8884
8880
8882
8878
8880
8876
8878
8874
8876
8872
8874
8870
8872
8868
8870
8866
8868
8864
8866
8862
8864
8860
8862
8858
8860
8856
8858
8854
8856
8852
8854
8850
8852
8848
8850
8846
8848
8844
8846
8842
8844
8840
8842
8838
8840
8836
8838
8834
8836
8832
8834
8830
8832
8828
8830
8826
8828
8824
8826
8822
8824
8820
8822
8818
8820
8816
8818
8814
8816
8812
8814
8810
8812
8808
8810
8806
8808
8804
8806
8802
8804
8800
8802
8798
8800
8796
8798
8794
8796
8792
8794
8790
8792
8788
8790
8786
8788
8784
8786
8782
8784
8780
8782
8778
8780
8776
8778
8774
8776
8772
8774
8770
8772
8768
8770
8766
8768
8764
8766
8762
8764
8760
8762
8758
8760
8756
8758
8754
8756
8752
8754
8750
8752
8748
8750
8746
8748
8744
8746
8742
8744
8740
8742
8738
8740
8736
8738
8734
8736
8732
8734
8730
8732
8728
8730
8726
8728
8724
8726
8722
8724
8720
8722
8718
8720
8716
8718
8714
8716
8712
8714
8710
8712
8708
8710
8706
8708
8704
8706
8702
8704
8700
8702
8698
8700
8696
8698
8694
8696
8692
8694
8690
8692
8688
8690
8686
8688
8684
8686
8682
8684
8680
8682
8678
8680
8676
8678
8674
8676
8672
8674
8670
8672
8668
8670
8666
8668
8664
8666
8662
8664
8660
8662
8658
8660
8656
8658
8654
8656
8652
8654
8650
8652
8648
8650
8646
8648
8644
8646
8642
8644
8640
8642
8638
8640
8636
8638
8634
8636
8632
8634
8630
8632
8628
8630
8626
8628
8624
8626
8622
8624
8620
8622
8618
8620
8616
8618
8614
8616
8612
8614
8610
8612
8608
8610
8606
8608
8604
8606
8602
8604
8600
8602
8598
8600
8596
8598
8594
8596
8592
8594
8590
8592
8588
8590
8586
8588
8584
8586
8582
8584
8580
8582
8578
8580
8576
8578
8574
8576
8572
8574
8570
8572
8568
8570
8566
8568
8564
8566
8562
8564
8560
8562
8558
8560
8556
8558
8554
8556
8552
8554
8550
8552
8548
8550
8546
8548
8544
8546
8542
8544
8540
8542
8538
8540
8536
8538
8534
8536
8532
8534
8530
8532
8528
8530
8526
8528
8524
8526
8522
8524
8520
8522
8518
8520
8516
8518
8514
8516
8512
8514
8510
8512
8508
8510
8506
8508
8504
8506
8502
8504
8500
8502
8498
8500
8496
8498
8494
8496
8492
8494
8490
8492
8488
8490
8486
8488
8484
8486
8482
8484
8480
8482
8478
8480
8476
8478
8474
8476
8472
8474
8470
8472
8468
8470
8466
8468
8464
8466
8462
8464
8460
8462
8458
8460
8456
8458
8454
8456
8452
8454
8450
8452
8448
8450
8446
8448
8444
8446
8442
8444
8440
8442
8438
8440
8436
8438
8434
8436
8432
8434
8430
8432
8428
8430
8426
8428
8424
8426
8422
8424
8420
8422
8418
8420
8416
8418
8414
8416
8412
8414
8410
8412
8408
8410
8406
8408
8404
8406
8402
8404
8400
8402
8398
8400
8396
8398
8394
8396
8392
8394
8390
8392
8388
8390
8386
8388
8384
8386
8382
8384
8380
8382
8378
8380
8376
8378
8374
8376
8372
8374
8370
8372
8368
8370
8366
8368
8364
8366
8362
8364
8360
8362
8358
8360
8356
8358
8354
8356
8352
8354
8350
8352
8348
8350
8346
8348
8344
8346
8342
8344
8340
8342
8338
8340
8336
8338
8334
8336
8332
8334
8330
8332
8328
8330
8326
8328
8324
8326
8322
8324
8320
8322
8318
8320
8316
8318
8314
8316
8312
8314
8310
8312
8308
8310
8306
8308
8304
8306
8302
8304
8300
8302
8298
8300
8296
8298
8294
8296
8292
8294
8290
8292
8288
8290
8286
8288
8284
8286
8282
8284
8280
8282
8278
8280
8276
8278
8274
8276
8272
8274
8270
8272
8268
8270
8266
8268
8264
8266
8262
8264
8260
8262
8258
8260
8256
8258
8254
8256
8252
8254
8250
8252
8248
8250
8246
8248
8244
8246
8242
8244
8240
8242
8238
8240
8236
8238
8234
8236
8232
8234
8230
8232
8228
8230
8226
8228
8224
8226
8222
8224
8220
8222
8218
8220
8216
8218
8214
8216
8212
8214
8210
8212
8208
8210
8206
8208
8204
8206
8202
8204
8200
8202
8198
8200
8196
8198
8194
8196
8192
8194
8190
8192
8188
8190
8186
8188
8184
8186
8182
8184
8180
8182
8178
8180
8176
8178
8174
8176
8172
8174
8170
8172
8168
8170
8166
8168
8164
8166
8162
8164
8160
8162
8158
8160
8156
8158
8154
8156
8152
8154
8150
8152
8148
8150
8146
8148
8144
8146
8142
8144
8140
8142
8138
8140
8136
8138
8134
8136
8132
8134
8130
8132
8128
8130
8126
8128
8124
8126
8122
8124
8120
8122
8118
8120
8116
8118
8114
8116
8112
8114
8110
8112
8108
8110
8106
8108
8104
8106
8102
8104
8100
8102
8098
8100
8096
8098
8094
8096
8092
8094
8090
8092
8088
8090
8086
8088
8084
8086
8082
8084
8080
8082
8078
8080
8076
8078
8074
8076
8072
8074
8070
8072
8068
8070
8066
8068
8064
8066
8062
8064
8060
8062
8058
8060
8056
8058
8054
8056
8052
8054
8050
8052
8048
8050
8046
8048
8044
8046
8042
8044
8040
8042
8038
8040
8036
8038
8034
8036
8032
8034
8030
8032
8028
8030
8026
8028
8024
8026
8022
8024
8020
8022
8018
8020
8016
8018
8014
8016
8012
8014
8010
8012
8008
8010
8006
8008
8004
8006
8002
8004
8000
8002
7998
8000
7996
7998
7994
7996
7992
7994
7990
7992
7988
7990
7986
7988
7984
7986
7982
7984
7980
7982
7978
7980
7976
7978
7974
7976
7972
7974
7970
7972
7968
7970
7966
7968
7964
7966
7962
7964
7960
7962
7958
7960
7956
7958
7954
7956
7952
7954
7950
7952
7948
7950
7946
7948
7944
7946
7942
7944
7940
7942
7938
7940
7936
7938
7934
7936
7932
7934
7930
7932
7928
7930
7926
7928
7924
7926
7922
7924
7920
7922
7918
7920
7916
7918
7914
7916
7912
7914
7910
7912
7908
7910
7906
7908
7904
7906
7902
7904
7900
7902
7898
7900
7896
7898
7894
7896
7892
7894
7890
7892
7888
7890
7886
7888
7884
7886
7882
7884
7880
7882
7878
7880
7876
7878
7874
7876
7872
7874
7870
7872
7868
7870
7866
7868
7864
7866
7862
7864
7860
7862
7858
7860
7856
7858
7854
7856
7852
7854
7850
7852
7848
7850
7846
7848
7844
7846
7842
7844
7840
7842
7838
7840
7836
7838
7834
7836
7832
7834
7830
7832
7828
7830
7826
7828
7824
7826
7822
7824
7820
7822
7818
7820
7816
7818
7814
7816
7812
7814
7810
7812
7808
7810
7806
7808
7804
7806
7802
7804
7800
7802
7798
7800
7796
7798
7794
7796
7792
7794
7790
7792
7788
7790
7786
7788
7784
7786
7782
7784
7780
7782
7778
7780
7776
7778
7774
7776
7772
7774
7770
7772
7768
7770
7766
7768
7764
7766
7762
7764
7760
7762
7758
7760
7756
7758
7754
7756
7752
7754
7750
7752
7748
7750
7746
7748
7744
7746
7742
7744
7740
7742
7738
7740
7736
7738
7734
7736
7732
7734
7730
7732
7728
7730
7726
7728
7724
7726
7722
7724
7720
7722
7718
7720
7716
7718
7714
7716
7712
7714
7710
7712
7708
7710
7706
7708
7704
7706
7702
7704
7700
7702
7698
7700
7696
7698
7694
7696
7692
7694
7690
7692
7688
7690
7686
7688
7684
7686
7682
7684
7680
7682
7678
7680
7676
7678
7674
7676
7672
7674
7670
7672
7668
7670
7666
7668
7664
7666
7662
7664
7660
7662
7658
7660
7656
7658
7654
7656
7652
7654
7650
7652
7648
7650
7646
7648
7644
7646
7642
7644
7640
7642
7638
7640
7636
7638
7634
7636
7632
7634
7630
7632
7628
7630
7626
7628
7624
7626
7622
7624
7620
7622
7618
7620
7616
7618
7614
7616
7612
7614
7610
7612
7608
7610
7606
7608
7604
7606
7602
7604
7600
7602
7598
7600
7596
7598
7594
7596
7592
7594
7590
7592
7588
7590
7586
7588
7584
7586
7582
7584
7580
7582
7578
7580
7576
7578
7574
7576
7572
7574
7570
7572
7568
7570
7566
7568
7564
7566
7562
7564
7560
7562
7558
7560
7556
7558
7554
7556
7552
7554
7550
7552
7548
7550
7546
7548
7544
7546
7542
7544
7540
7542
7538
7540
7536
7538
7534
7536
7532
7534
7530
7532
7528
7530
7526
7528
7524
7526
7522
7524
7520
7522
7518
7520
7516
7518
7514
7516
7512
7514
7510
7512
7508
7510
7506
7508
7504
7506
7502
7504
7500
7502
7498
7500
7496
7498
7494
7496
7492
7494
7490
7492
7488
7490
7486
7488
7484
7486
7482
7484
7480
7482
7478
7480
7476
7478
7474
7476
7472
7474
7470
7472
7468
7470
7466
7468
7464
7466
7462
7464
7460
7462
7458
7460
7456
7458
7454
7456
7452
7454
7450
7452
7448
7450
7446
7448
7444
7446
7442
7444
7440
7442
7438
7440
7436
7438
7434
7436
7432
7434
7430
7432
7428
7430
7426
7428
7424
7426
7422
7424
7420
7422
7418
7420
7416
7418
7414
7416
7412
7414
7410
7412
7408
7410
7406
7408
7404
7406
7402
7404
7400
7402
7398
7400
7396
7398
7394
7396
7392
7394
7390
7392
7388
7390
7386
7388
7384
7386
7382
7384
7380
7382
7378
7380
7376
7378
7374
7376
7372
7374
7370
7372
7368
7370
7366
7368
7364
7366
7362
7364
7360
7362
7358
7360
7356
7358
7354
7356
7352
7354
7350
7352
7348
7350
7346
7348
7344
7346
7342
7344
7340
7342
7338
7340
7336
7338
7334
7336
7332
7334
7330
7332
7328
7330
7326
7328
7324
7326
7322
7324
7320
7322
7318
7320
7316
7318
7314
7316
7312
7314
7310
7312
7308
7310
7306
7308
7304
7306
7302
7304
7300
7302
7298
7300
7296
7298
7294
7296
7292
7294
7290
7292
7288
7290
7286
7288
7284
7286
7282
7284
7280
7282
7278
7280
7276
7278
7274
7276
7272
7274
7270
7272
7268
7270
7266
7268
7264
7266
7262
7264
7260
7262
7258
7260
7256
7258
7254
7256
7252
7254
7250
7252
7248
7250
7246
7248
7244
7246
7242
7244
7240
7242
7238
7240
7236
7238
7234
7236
7232
7234
7230
7232
7228
7230
7226
7228
7224
7226
7222
7224
7220
7222
7218
7220
7216
7218
7214
7216
7212
7214
7210
7212
7208
7210
7206
7208
7204
7206
7202
7204
7200
7202
7198
7200
7196
7198
7194
7196
7192
7194
7190
7192
7188
7190
7186
7188
7184
7186
7182
7184
7180
7182
7178
7180
7176
7178
7174
7176
7172
7174
7170
7172
7168
7170
7166
7168
7164
7166
7162
7164
7160
7162
7158
7160
7156
7158
7154
7156
7152
7154
7150
7152
7148
7150
7146
7148
7144
7146
7142
7144
7140
7142
7138
7140
7136
7138
7134
7136
7132
7134
7130
7132
7128
7130
7126
7128
7124
7126
7122
7124
7120
7122
7118
7120
7116
7118
7114
7116
7112
7114
7110
7112
7108
7110
7106
7108
7104
7106
7102
7104
7100
7102
7098
7100
7096
7098
7094
7096
7092
7094
7090
7092
7088
7090
7086
7088
7084
7086
7082
7084
7080
7082
7078
7080
7076
7078
7074
7076
7072
7074
7070
7072
7068
7070
7066
7068
7064
7066
7062
7064
7060
7062
7058
7060
7056
7058
7054
7056
7052
7054
7050
7052
7048
7050
7046
7048
7044
7046
7042
7044
7040
7042
7038
7040
7036
7038
7034
7036
7032
7034
7030
7032
7028
7030
7026
7028
7024
7026
7022
7024
7020
7022
7018
7020
7016
7018
7014
7016
7012
7014
7010
7012
7008
7010
7006
7008
7004
7006
7002
7004
7000
7002
6998
7000
6996
6998
6994
6996
6992
6994
6990
6992
6988
6990
6986
6988
6984
6986
6982
6984
6980
6982
6978
6980
6976
6978
6974
6976
6972
6974
6970
6972
6968
6970
6966
6968
6964
6966
6962
6964
6960
6962
6958
6960
6956
6958
6954
6956
6952
6954
6950
6952
6948
6950
6946
6948
6944
6946
6942
6944
6940
6942
6938
6940
6936
6938
6934
6936
6932
6934
6930
6932
6928
6930
6926
6928
6924
6926
6922
6924
6920
6922
6918
6920
6916
6918
6914
6916
6912
6914
6910
6912
6908
6910
6906
6908
6904
6906
6902
6904
6900
6902
6898
6900
6896
6898
6894
6896
6892
6894
6890
6892
6888
6890
6886
6888
6884
6886
6882
6884
6880
6882
6878
6880
6876
6878
6874
6876
6872
6874
6870
6872
6868
6870
6866
6868
6864
6866
6862
6864
6860
6862
6858
6860
6856
6858
6854
6856
6852
6854
6850
6852
6848
6850
6846
6848
6844
6846
6842
6844
6840
6842
6838
6840
6836
6838
6834
6836
6832
6834
6830
6832
6828
6830
6826
6828
6824
6826
6822
6824
6820
6822
6818
6820
6816
6818
6814
6816
6812
6814
6810
6812
6808
6810
6806
6808
6804
6806
6802
6804
6800
6802
6798
6800
6796
6798
6794
6796
6792
6794
6790
6792
6788
6790
6786
6788
6784
6786
6782
6784
6780
6782
6778
6780
6776
6778
6774
6776
6772
6774
6770
6772
6768
6770
6766
6768
6764
6766
6762
6764
6760
6762
6758
6760
6756
6758
6754
6756
6752
6754
6750
6752
6748
6750
6746
6748
6744
6746
6742
6744
6740
6742
6738
6740
6736
6738
6734
6736
6732
6734
6730
6732
6728
6730
6726
6728
6724
6726
6722
6724
6720
6722
6718
6720
6716
6718
6714
6716
6712
6714
6710
6712
6708
6710
6706
6708
6704
6706
6702
6704
6700
6702
6698
6700
6696
6698
6694
6696
6692
6694
6690
6692
6688
6690
6686
6688
6684
6686
6682
6684
6680
6682
6678
6680
6676
6678
6674
6676
6672
6674
6670
6672
6668
6670
6666
6668
6664
6666
6662
6664
6660
6662
6658
6660
6656
6658
6654
6656
6652
6654
6650
6652
6648
6650
6646
6648
6644
6646
6642
6644
6640
6642
6638
6640
6636
6638
6634
6636
6632
6634
6630
6632
6628
6630
6626
6628
6624
6626
6622
6624
6620
6622
6618
6620
6616
6618
6614
6616
6612
6614
6610
6612
6608
6610
6606
6608
6604
6606
6602
6604
6600
6602
6598
6600
6596
6598
6594
6596
6592
6594
6590
6592
6588
6590
6586
6588
6584
6586
6582
6584
6580
6582
6578
6580
6576
6578
6574
6576
6572
6574
6570
6572
6568
6570
6566
6568
6564
6566
6562
6564
6560
6562
6558
6560
6556
6558
6554
6556
6552
6554
6550
6552
6548
6550
6546
6548
6544
6546
6542
6544
6540
6542
6538
6540
6536
6538
6534
6536
6532
6534
6530
6532
6528
6530
6526
6528
6524
6526
6522
6524
6520
6522
6518
6520
6516
6518
6514
6516
6512
6514
6510
6512
6508
6510
6506
6508
6504
6506
6502
6504
6500
6502
6498
6500
6496
6498
6494
6496
6492
6494
6490
6492
6488
6490
6486
6488
6484
6486
6482
6484
6480
6482
6478
6480
6476
6478
6474
6476
6472
6474
6470
6472
6468
6470
6466
6468
6464
6466
6462
6464
6460
6462
6458
6460
6456
6458
6454
6456
6452
6454
6450
6452
6448
6450
6446
6448
6444
6446
6442
6444
6440
6442
6438
6440
6436
6438
6434
6436
6432
6434
6430
6432
6428
6430
6426
6428
6424
6426
6422
6424
6420
6422
6418
6420
6416
6418
6414
6416
6412
6414
6410
6412
6408
6410
6406
6408
6404
6406
6402
6404
6400
6402
6398
6400
6396
6398
6394
6396
6392
6394
6390
6392
6388
6390
6386
6388
6384
6386
6382
6384
6380
6382
6378
6380
6376
6378
6374
6376
6372
6374
6370
6372
6368
6370
6366
6368
6364
6366
6362
6364
6360
6362
6358
6360
6356
6358
6354
6356
6352
6354
6350
6352
6348
6350
6346
6348
6344
6346
6342
6344
6340
6342
6338
6340
6336
6338
6334
6336
6332
6334
6330
6332
6328
6330
6326
6328
6324
6326
6322
6324
6320
6322
6318
6320
6316
6318
6314
6316
6312
6314
6310
6312
6308
6310
6306
6308
6304
6306
6302
6304
6300
6302
6298
6300
6296
6298
6294
6296
6292
6294
6290
6292
6288
6290
6286
6288
6284
6286
6282
6284
6280
6282
6278
6280
6276
6278
6274
6276
6272
6274
6270
6272
6268
6270
6266
6268
6264
6266
6262
6264
6260
6262
6258
6260
6256
6258
6254
6256
6252
6254
6250
6252
6248
6250
6246
6248
6244
6246
6242
6244
6240
6242
6238
6240
6236
6238
6234
6236
6232
6234
6230
6232
6228
6230
6226
6228
6224
6226
6222
6224
6220
6222
6218
6220
6216
6218
6214
6216
6212
6214
6210
6212
6208
6210
6206
6208
6204
6206
6202
6204
6200
6202
6198
6200
6196
6198
6194
6196
6192
6194
6190
6192
6188
6190
6186
6188
6184
6186
6182
6184
6180
6182
6178
6180
6176
6178
6174
6176
6172
6174
6170
6172
6168
6170
6166
6168
6164
6166
6162
6164
6160
6162
6158
6160
6156
6158
6154
6156
6152
6154
6150
6152
6148
6150
6146
6148
6144
6146
6142
6144
6140
6142
6138
6140
6136
6138
6134
6136
6132
6134
6130
6132
6128
6130
6126
6128
6124
6126
6122
6124
6120
6122
6118
6120
6116
6118
6114
6116
6112
6114
6110
6112
6108
6110
6106
6108
6104
6106
6102
6104
6100
6102
6098
6100
6096
6098
6094
6096
6092
6094
6090
6092
6088
6090
6086
6088
6084
6086
6082
6084
6080
6082
6078
6080
6076
6078
6074
6076
6072
6074
6070
6072
6068
6070
6066
6068
6064
6066
6062
6064
6060
6062
6058
6060
6056
6058
6054
6056
6052
6054
6050
6052
6048
6050
6046
6048
6044
6046
6042
6044
6040
6042
6038
6040
6036
6038
6034
6036
6032
6034
6030
6032
6028
6030
6026
6028
6024
6026
6022
6024
6020
6022
6018
6020
6016
6018
6014
6016
6012
6014
6010
6012
6008
6010
6006
6008
6004
6006
6002
6004
6000
6002
5998
6000
5996
5998
5994
5996
5992
5994
5990
5992
5988
5990
5986
5988
5984
5986
5982
5984
5980
5982
5978
5980
5976
5978
5974
5976
5972
5974
5970
5972
5968
5970
5966
5968
5964
5966
5962
5964
5960
5962
5958
5960
5956
5958
5954
5956
5952
5954
5950
5952
5948
5950
5946
5948
5944
5946
5942
5944
5940
5942
5938
5940
5936
5938
5934
5936
5932
5934
5930
5932
5928
5930
5926
5928
5924
5926
5922
5924
5920
5922
5918
5920
5916
5918
5914
5916
5912
5914
5910
5912
5908
5910
5906
5908
5904
5906
5902
5904
5900
5902
5898
5900
5896
5898
5894
5896
5892
5894
5890
5892
5888
5890
5886
5888
5884
5886
5882
5884
5880
5882
5878
5880
5876
5878
5874
5876
5872
5874
5870
5872
5868
5870
5866
5868
5864
5866
5862
5864
5860
5862
5858
5860
5856
5858
5854
5856
5852
5854
5850
5852
5848
5850
5846
5848
5844
5846
5842
5844
5840
5842
5838
5840
5836
5838
5834
5836
5832
5834
5830
5832
5828
5830
5826
5828
5824
5826
5822
5824
5820
5822
5818
5820
5816
5818
5814
5816
5812
5814
5810
5812
5808
5810
5806
5808
5804
5806
5802
5804
5800
5802
5798
5800
5796
5798
5794
5796
5792
5794
5790
5792
5788
5790
5786
5788
5784
5786
5782
5784
5780
5782
5778
5780
5776
5778
5774
5776
5772
5774
5770
5772
5768
5770
5766
5768
5764
5766
5762
5764
5760
5762
5758
5760
5756
5758
5754
5756
5752
5754
5750
5752
5748
5750
5746
5748
5744
5746
5742
5744
5740
5742
5738
5740
5736
5738
5734
5736
5732
5734
5730
5732
5728
5730
5726
5728
5724
5726
5722
5724
5720
5722
5718
5720
5716
5718
5714
5716
5712
5714
5710
5712
5708
5710
5706
5708
5704
5706
5702
5704
5700
5702
5698
5700
5696
5698
5694
5696
5692
5694
5690
5692
5688
5690
5686
5688
5684
5686
5682
5684
5680
5682
5678
5680
5676
5678
5674
5676
5672
5674
5670
5672
5668
5670
5666
5668
5664
5666
5662
5664
5660
5662
5658
5660
5656
5658
5654
5656
5652
5654
5650
5652
5648
5650
5646
5648
5644
5646
5642
5644
5640
5642
5638
5640
5636
5638
5634
5636
5632
5634
5630
5632
5628
5630
5626
5628
5624
5626
5622
5624
5620
5622
5618
5620
5616
5618
5614
5616
5612
5614
5610
5612
5608
5610
5606
5608
5604
5606
5602
5604
5600
5602
5598
5600
5596
5598
5594
5596
5592
5594
5590
5592
5588
5590
5586
5588
5584
5586
5582
5584
5580
5582
5578
5580
5576
5578
5574
5576
5572
5574
5570
5572
5568
5570
5566
5568
5564
5566
5562
5564
5560
5562
5558
5560
5556
5558
5554
5556
5552
5554
5550
5552
5548
5550
5546
5548
5544
5546
5542
5544
5540
5542
5538
5540
5536
5538
5534
5536
5532
5534
5530
5532
5528
5530
5526
5528
5524
5526
5522
5524
5520
5522
5518
5520
5516
5518
5514
5516
5512
5514
5510
5512
5508
5510
5506
5508
5504
5506
5502
5504
5500
5502
5498
5500
5496
5498
5494
5496
5492
5494
5490
5492
5488
5490
5486
5488
5484
5486
5482
5484
5480
5482
5478
5480
5476
5478
5474
5476
5472
5474
5470
5472
5468
5470
5466
5468
5464
5466
5462
5464
5460
5462
5458
5460
5456
5458
5454
5456
5452
5454
5450
5452
5448
5450
5446
5448
5444
5446
5442
5444
5440
5442
5438
5440
5436
5438
5434
5436
5432
5434
5430
5432
5428
5430
5426
5428
5424
5426
5422
5424
5420
5422
5418
5420
5416
5418
5414
5416
5412
5414
5410
5412
5408
5410
5406
5408
5404
5406
5402
5404
5400
5402
5398
5400
5396
5398
5394
5396
5392
5394
5390
5392
5388
5390
5386
5388
5384
5386
5382
5384
5380
5382
5378
5380
5376
5378
5374
5376
5372
5374
5370
5372
5368
5370
5366
5368
5364
5366
5362
5364
5360
5362
5358
5360
5356
5358
5354
5356
5352
5354
5350
5352
5348
5350
5346
5348
5344
5346
5342
5344
5340
5342
5338
5340
5336
5338
5334
5336
5332
5334
5330
5332
5328
5330
5326
5328
5324
5326
5322
5324
5320
5322
5318
5320
5316
5318
5314
5316
5312
5314
5310
5312
5308
5310
5306
5308
5304
5306
5302
5304
5300
5302
5298
5300
5296
5298
5294
5296
5292
5294
5290
5292
5288
5290
5286
5288
5284
5286
5282
5284
5280
5282
5278
5280
5276
5278
5274
5276
5272
5274
5270
5272
5268
5270
5266
5268
5264
5266
5262
5264
5260
5262
5258
5260
5256
5258
5254
5256
5252
5254
5250
5252
5248
5250
5246
5248
5244
5246
5242
5244
5240
5242
5238
5240
5236
5238
5234
5236
5232
5234
5230
5232
5228
5230
5226
5228
5224
5226
5222
5224
5220
5222
5218
5220
5216
5218
5214
5216
5212
5214
5210
5212
5208
5210
5206
5208
5204
5206
5202
5204
5200
5202
5198
5200
5196
5198
5194
5196
5192
5194
5190
5192
5188
5190
5186
5188
5184
5186
5182
5184
5180
5182
5178
5180
5176
5178
5174
5176
5172
5174
5170
5172
5168
5170
5166
5168
5164
5166
5162
5164
5160
5162
5158
5160
5156
5158
5154
5156
5152
5154
5150
5152
5148
5150
5146
5148
5144
5146
5142
5144
5140
5142
5138
5140
5136
5138
5134
5136
5132
5134
5130
5132
5128
5130
5126
5128
5124
5126
5122
5124
5120
5122
5118
5120
5116
5118
5114
5116
5112
5114
5110
5112
5108
5110
5106
5108
5104
5106
5102
5104
5100
5102
5098
5100
5096
5098
5094
5096
5092
5094
5090
5092
5088
5090
5086
5088
5084
5086
5082
5084
5080
5082
5078
5080
5076
5078
5074
5076
5072
5074
5070
5072
5068
5070
5066
5068
5064
5066
5062
5064
5060
5062
5058
5060
5056
5058
5054
5056
5052
5054
5050
5052
5048
5050
5046
5048
5044
5046
5042
5044
5040
5042
5038
5040
5036
5038
5034
5036
5032
5034
5030
5032
5028
5030
5026
5028
5024
5026
5022
5024
5020
5022
5018
5020
5016
5018
5014
5016
5012
5014
5010
5012
5008
5010
5006
5008
5004
5006
5002
5004
5000
5002
4998
5000
4996
4998
4994
4996
4992
4994
4990
4992
4988
4990
4986
4988
4984
4986
4982
4984
4980
4982
4978
4980
4976
4978
4974
4976
4972
4974
4970
4972
4968
4970
4966
4968
4964
4966
4962
4964
4960
4962
4958
4960
4956
4958
4954
4956
4952
4954
4950
4952
4948
4950
4946
4948
4944
4946
4942
4944
4940
4942
4938
4940
4936
4938
4934
4936
4932
4934
4930
4932
4928
4930
4926
4928
4924
4926
4922
4924
4920
4922
4918
4920
4916
4918
4914
4916
4912
4914
4910
4912
4908
4910
4906
4908
4904
4906
4902
4904
4900
4902
4898
4900
4896
4898
4894
4896
4892
4894
4890
4892
4888
4890
4886
4888
4884
4886
4882
4884
4880
4882
4878
4880
4876
4878
4874
4876
4872
4874
4870
4872
4868
4870
4866
4868
4864
4866
4862
4864
4860
4862
4858
4860
4856
4858
4854
4856
4852
4854
4850
4852
4848
4850
4846
4848
4844
4846
4842
4844
4840
4842
4838
4840
4836
4838
4834
4836
4832
4834
4830
4832
4828
4830
4826
4828
4824
4826
4822
4824
4820
4822
4818
4820
4816
4818
4814
4816
4812
4814
4810
4812
4808
4810
4806
4808
4804
4806
4802
4804
4800
4802
4798
4800
4796
4798
4794
4796
4792
4794
4790
4792
4788
4790
4786
4788
4784
4786
4782
4784
4780
4782
4778
4780
4776
4778
4774
4776
4772
4774
4770
4772
4768
4770
4766
4768
4764
4766
4762
4764
4760
4762
4758
4760
4756
4758
4754
4756
4752
4754
4750
4752
4748
4750
4746
4748
4744
4746
4742
4744
4740
4742
4738
4740
4736
4738
4734
4736
4732
4734
4730
4732
4728
4730
4726
4728
4724
4726
4722
4724
4720
4722
4718
4720
4716
4718
4714
4716
4712
4714
4710
4712
4708
4710
4706
4708
4704
4706
4702
4704
4700
4702
4698
4700
4696
4698
4694
4696
4692
4694
4690
4692
4688
4690
4686
4688
4684
4686
4682
4684
4680
4682
4678
4680
4676
4678
4674
4676
4672
4674
4670
4672
4668
4670
4666
4668
4664
4666
4662
4664
4660
4662
4658
4660
4656
4658
4654
4656
4652
4654
4650
4652
4648
4650
4646
4648
4644
4646
4642
4644
4640
4642
4638
4640
4636
4638
4634
4636
4632
4634
4630
4632
4628
4630
4626
4628
4624
4626
4622
4624
4620
4622
4618
4620
4616
4618
4614
4616
4612
4614
4610
4612
4608
4610
4606
4608
4604
4606
4602
4604
4600
4602
4598
4600
4596
4598
4594
4596
4592
4594
4590
4592
4588
4590
4586
4588
4584
4586
4582
4584
4580
4582
4578
4580
4576
4578
4574
4576
4572
4574
4570
4572
4568
4570
4566
4568
4564
4566
4562
4564
4560
4562
4558
4560
4556
4558
4554
4556
4552
4554
4550
4552
4548
4550
4546
4548
4544
4546
4542
4544
4540
4542
4538
4540
4536
4538
4534
4536
4532
4534
4530
4532
4528
4530
4526
4528
4524
4526
4522
4524
4520
4522
4518
4520
4516
4518
4514
4516
4512
4514
4510
4512
4508
4510
4506
4508
4504
4506
4502
4504
4500
4502
4498
4500
4496
4498
4494
4496
4492
4494
4490
4492
4488
4490
4486
4488
4484
4486
4482
4484
4480
4482
4478
4480
4476
4478
4474
4476
4472
4474
4470
4472
4468
4470
4466
4468
4464
4466
4462
4464
4460
4462
4458
4460
4456
4458
4454
4456
4452
4454
4450
4452
4448
4450
4446
4448
4444
4446
4442
4444
4440
4442
4438
4440
4436
4438
4434
4436
4432
4434
4430
4432
4428
4430
4426
4428
4424
4426
4422
4424
4420
4422
4418
4420
4416
4418
4414
4416
4412
4414
4410
4412
4408
4410
4406
4408
4404
4406
4402
4404
4400
4402
4398
4400
4396
4398
4394
4396
4392
4394
4390
4392
4388
4390
4386
4388
4384
4386
4382
4384
4380
4382
4378
4380
4376
4378
4374
4376
4372
4374
4370
4372
4368
4370
4366
4368
4364
4366
4362
4364
4360
4362
4358
4360
4356
4358
4354
4356
4352
4354
4350
4352
4348
4350
4346
4348
4344
4346
4342
4344
4340
4342
4338
4340
4336
4338
4334
4336
4332
4334
4330
4332
4328
4330
4326
4328
4324
4326
4322
4324
4320
4322
4318
4320
4316
4318
4314
4316
4312
4314
4310
4312
4308
4310
4306
4308
4304
4306
4302
4304
4300
4302
4298
4300
4296
4298
4294
4296
4292
4294
4290
4292
4288
4290
4286
4288
4284
4286
4282
4284
4280
4282
4278
4280
4276
4278
4274
4276
4272
4274
4270
4272
4268
4270
4266
4268
4264
4266
4262
4264
4260
4262
4258
4260
4256
4258
4254
4256
4252
4254
4250
4252
4248
4250
4246
4248
4244
4246
4242
4244
4240
4242
4238
4240
4236
4238
4234
4236
4232
4234
4230
4232
4228
4230
4226
4228
4224
4226
4222
4224
4220
4222
4218
4220
4216
4218
4214
4216
4212
4214
4210
4212
4208
4210
4206
4208
4204
4206
4202
4204
4200
4202
4198
4200
4196
4198
4194
4196
4192
4194
4190
4192
4188
4190
4186
4188
4184
4186
4182
4184
4180
4182
4178
4180
4176
4178
4174
4176
4172
4174
4170
4172
4168
4170
4166
4168
4164
4166
4162
4164
4160
4162
4158
4160
4156
4158
4154
4156
4152
4154
4150
4152
4148
4150
4146
4148
4144
4146
4142
4144
4140
4142
4138
4140
4136
4138
4134
4136
4132
4134
4130
4132
4128
4130
4126
4128
4124
4126
4122
4124
4120
4122
4118
4120
4116
4118
4114
4116
4112
4114
4110
4112
4108
4110
4106
4108
4104
4106
4102
4104
4100
4102
4098
4100
4096
4098
4094
4096
4092
4094
4090
4092
4088
4090
4086
4088
4084
4086
4082
4084
4080
4082
4078
4080
4076
4078
4074
4076
4072
4074
4070
4072
4068
4070
4066
4068
4064
4066
4062
4064
4060
4062
4058
4060
4056
4058
4054
4056
4052
4054
4050
4052
4048
4050
4046
4048
4044
4046
4042
4044
4040
4042
4038
4040
4036
4038
4034
4036
4032
4034
4030
4032
4028
4030
4026
4028
4024
4026
4022
4024
4020
4022
4018
4020
4016
4018
4014
4016
4012
4014
4010
4012
4008
4010
4006
4008
4004
4006
4002
4004
4000
4002
3998
4000
3996
3998
3994
3996
3992
3994
3990
3992
3988
3990
3986
3988
3984
3986
3982
3984
3980
3982
3978
3980
3976
3978
3974
3976
3972
3974
3970
3972
3968
3970
3966
3968
3964
3966
3962
3964
3960
3962
3958
3960
3956
3958
3954
3956
3952
3954
3950
3952
3948
3950
3946
3948
3944
3946
3942
3944
3940
3942
3938
3940
3936
3938
3934
3936
3932
3934
3930
3932
3928
3930
3926
3928
3924
3926
3922
3924
3920
3922
3918
3920
3916
3918
3914
3916
3912
3914
3910
3912
3908
3910
3906
3908
3904
3906
3902
3904
3900
3902
3898
3900
3896
3898
3894
3896
3892
3894
3890
3892
3888
3890
3886
3888
3884
3886
3882
3884
3880
3882
3878
3880
3876
3878
3874
3876
3872
3874
3870
3872
3868
3870
3866
3868
3864
3866
3862
3864
3860
3862
3858
3860
3856
3858
3854
3856
3852
3854
3850
3852
3848
3850
3846
3848
3844
3846
3842
3844
3840
3842
3838
3840
3836
3838
3834
3836
3832
3834
3830
3832
3828
3830
3826
3828
3824
3826
3822
3824
3820
3822
3818
3820
3816
3818
3814
3816
3812
3814
3810
3812
3808
3810
3806
3808
3804
3806
3802
3804
3800
3802
3798
3800
3796
3798
3794
3796
3792
3794
3790
3792
3788
3790
3786
3788
3784
3786
3782
3784
3780
3782
3778
3780
3776
3778
3774
3776
3772
3774
3770
3772
3768
3770
3766
3768
3764
3766
3762
3764
3760
3762
3758
3760
3756
3758
3754
3756
3752
3754
3750
3752
3748
3750
3746
3748
3744
3746
3742
3744
3740
3742
3738
3740
3736
3738
3734
3736
3732
3734
3730
3732
3728
3730
3726
3728
3724
3726
3722
3724
3720
3722
3718
3720
3716
3718
3714
3716
3712
3714
3710
3712
3708
3710
3706
3708
3704
3706
3702
3704
3700
3702
3698
3700
3696
3698
3694
3696
3692
3694
3690
3692
3688
3690
3686
3688
3684
3686
3682
3684
3680
3682
3678
3680
3676
3678
3674
3676
3672
3674
3670
3672
3668
3670
3666
3668
3664
3666
3662
3664
3660
3662
3658
3660
3656
3658
3654
3656
3652
3654
3650
3652
3648
3650
3646
3648
3644
3646
3642
3644
3640
3642
3638
3640
3636
3638
3634
3636
3632
3634
3630
3632
3628
3630
3626
3628
3624
3626
3622
3624
3620
3622
3618
3620
3616
3618
3614
3616
3612
3614
3610
3612
3608
3610
3606
3608
3604
3606
3602
3604
3600
3602
3598
3600
3596
3598
3594
3596
3592
3594
3590
3592
3588
3590
3586
3588
3584
3586
3582
3584
3580
3582
3578
3580
3576
3578
3574
3576
3572
3574
3570
3572
3568
3570
3566
3568
3564
3566
3562
3564
3560
3562
3558
3560
3556
3558
3554
3556
3552
3554
3550
3552
3548
3550
3546
3548
3544
3546
3542
3544
3540
3542
3538
3540
3536
3538
3534
3536
3532
3534
3530
3532
3528
3530
3526
3528
3524
3526
3522
3524
3520
3522
3518
3520
3516
3518
3514
3516
3512
3514
3510
3512
3508
3510
3506
3508
3504
3506
3502
3504
3500
3502
3498
3500
3496
3498
3494
3496
3492
3494
3490
3492
3488
3490
3486
3488
3484
3486
3482
3484
3480
3482
3478
3480
3476
3478
3474
3476
3472
3474
3470
3472
3468
3470
3466
3468
3464
3466
3462
3464
3460
3462
3458
3460
3456
3458
3454
3456
3452
3454
3450
3452
3448
3450
3446
3448
3444
3446
3442
3444
3440
3442
3438
3440
3436
3438
3434
3436
3432
3434
3430
3432
3428
3430
3426
3428
3424
3426
3422
3424
3420
3422
3418
3420
3416
3418
3414
3416
3412
3414
3410
3412
3408
3410
3406
3408
3404
3406
3402
3404
3400
3402
3398
3400
3396
3398
3394
3396
3392
3394
3390
3392
3388
3390
3386
3388
3384
3386
3382
3384
3380
3382
3378
3380
3376
3378
3374
3376
3372
3374
3370
3372
3368
3370
3366
3368
3364
3366
3362
3364
3360
3362
3358
3360
3356
3358
3354
3356
3352
3354
3350
3352
3348
3350
3346
3348
3344
3346
3342
3344
3340
3342
3338
3340
3336
3338
3334
3336
3332
3334
3330
3332
3328
3330
3326
3328
3324
3326
3322
3324
3320
3322
3318
3320
3316
3318
3314
3316
3312
3314
3310
3312
3308
3310
3306
3308
3304
3306
3302
3304
3300
3302
3298
3300
3296
3298
3294
3296
3292
3294
3290
3292
3288
3290
3286
3288
3284
3286
3282
3284
3280
3282
3278
3280
3276
3278
3274
3276
3272
3274
3270
3272
3268
3270
3266
3268
3264
3266
3262
3264
3260
3262
3258
3260
3256
3258
3254
3256
3252
3254
3250
3252
3248
3250
3246
3248
3244
3246
3242
3244
3240
3242
3238
3240
3236
3238
3234
3236
3232
3234
3230
3232
3228
3230
3226
3228
3224
3226
3222
3224
3220
3222
3218
3220
3216
3218
3214
3216
3212
3214
3210
3212
3208
3210
3206
3208
3204
3206
3202
3204
3200
3202
3198
3200
3196
3198
3194
3196
3192
3194
3190
3192
3188
3190
3186
3188
3184
3186
3182
3184
3180
3182
3178
3180
3176
3178
3174
3176
3172
3174
3170
3172
3168
3170
3166
3168
3164
3166
3162
3164
3160
3162
3158
3160
3156
3158
3154
3156
3152
3154
3150
3152
3148
3150
3146
3148
3144
3146
3142
3144
3140
3142
3138
3140
3136
3138
3134
3136
3132
3134
3130
3132
3128
3130
3126
3128
3124
3126
3122
3124
3120
3122
3118
3120
3116
3118
3114
3116
3112
3114
3110
3112
3108
3110
3106
3108
3104
3106
3102
3104
3100
3102
3098
3100
3096
3098
3094
3096
3092
3094
3090
3092
3088
3090
3086
3088
3084
3086
3082
3084
3080
3082
3078
3080
3076
3078
3074
3076
3072
3074
3070
3072
3068
3070
3066
3068
3064
3066
3062
3064
3060
3062
3058
3060
3056
3058
3054
3056
3052
3054
3050
3052
3048
3050
3046
3048
3044
3046
3042
3044
3040
3042
3038
3040
3036
3038
3034
3036
3032
3034
3030
3032
3028
3030
3026
3028
3024
3026
3022
3024
3020
3022
3018
3020
3016
3018
3014
3016
3012
3014
3010
3012
3008
3010
3006
3008
3004
3006
3002
3004
3000
3002
2998
3000
2996
2998
2994
2996
2992
2994
2990
2992
2988
2990
2986
2988
2984
2986
2982
2984
2980
2982
2978
2980
2976
2978
2974
2976
2972
2974
2970
2972
2968
2970
2966
2968
2964
2966
2962
2964
2960
2962
2958
2960
2956
2958
2954
2956
2952
2954
2950
2952
2948
2950
2946
2948
2944
2946
2942
2944
2940
2942
2938
2940
2936
2938
2934
2936
2932
2934
2930
2932
2928
2930
2926
2928
2924
2926
2922
2924
2920
2922
2918
2920
2916
2918
2914
2916
2912
2914
2910
2912
2908
2910
2906
2908
2904
2906
2902
2904
2900
2902
2898
2900
2896
2898
2894
2896
2892
2894
2890
2892
2888
2890
2886
2888
2884
2886
2882
2884
2880
2882
2878
2880
2876
2878
2874
2876
2872
2874
2870
2872
2868
2870
2866
2868
2864
2866
2862
2864
2860
2862
2858
2860
2856
2858
2854
2856
2852
2854
2850
2852
2848
2850
2846
2848
2844
2846
2842
2844
2840
2842
2838
2840
2836
2838
2834
2836
2832
2834
2830
2832
2828
2830
2826
2828
2824
2826
2822
2824
2820
2822
2818
2820
2816
2818
2814
2816
2812
2814
2810
2812
2808
2810
2806
2808
2804
2806
2802
2804
2800
2802
2798
2800
2796
2798
2794
2796
2792
2794
2790
2792
2788
2790
2786
2788
2784
2786
2782
2784
2780
2782
2778
2780
2776
2778
2774
2776
2772
2774
2770
2772
2768
2770
2766
2768
2764
2766
2762
2764
2760
2762
2758
2760
2756
2758
2754
2756
2752
2754
2750
2752
2748
2750
2746
2748
2744
2746
2742
2744
2740
2742
2738
2740
2736
2738
2734
2736
2732
2734
2730
2732
2728
2730
2726
2728
2724
2726
2722
2724
2720
2722
2718
2720
2716
2718
2714
2716
2712
2714
2710
2712
2708
2710
2706
2708
2704
2706
2702
2704
2700
2702
2698
2700
2696
2698
2694
2696
2692
2694
2690
2692
2688
2690
2686
2688
2684
2686
2682
2684
2680
2682
2678
2680
2676
2678
2674
2676
2672
2674
2670
2672
2668
2670
2666
2668
2664
2666
2662
2664
2660
2662
2658
2660
2656
2658
2654
2656
2652
2654
2650
2652
2648
2650
2646
2648
2644
2646
2642
2644
2640
2642
2638
2640
2636
2638
2634
2636
2632
2634
2630
2632
2628
2630
2626
2628
2624
2626
2622
2624
2620
2622
2618
2620
2616
2618
2614
2616
2612
2614
2610
2612
2608
2610
2606
2608
2604
2606
2602
2604
2600
2602
2598
2600
2596
2598
2594
2596
2592
2594
2590
2592
2588
2590
2586
2588
2584
2586
2582
2584
2580
2582
2578
2580
2576
2578
2574
2576
2572
2574
2570
2572
2568
2570
2566
2568
2564
2566
2562
2564
2560
2562
2558
2560
2556
2558
2554
2556
2552
2554
2550
2552
2548
2550
2546
2548
2544
2546
2542
2544
2540
2542
2538
2540
2536
2538
2534
2536
2532
2534
2530
2532
2528
2530
2526
2528
2524
2526
2522
2524
2520
2522
2518
2520
2516
2518
2514
2516
2512
2514
2510
2512
2508
2510
2506
2508
2504
2506
2502
2504
2500
2502
2498
2500
2496
2498
2494
2496
2492
2494
2490
2492
2488
2490
2486
2488
2484
2486
2482
2484
2480
2482
2478
2480
2476
2478
2474
2476
2472
2474
2470
2472
2468
2470
2466
2468
2464
2466
2462
2464
2460
2462
2458
2460
2456
2458
2454
2456
2452
2454
2450
2452
2448
2450
2446
2448
2444
2446
2442
2444
2440
2442
2438
2440
2436
2438
2434
2436
2432
2434
2430
2432
2428
2430
2426
2428
2424
2426
2422
2424
2420
2422
2418
2420
2416
2418
2414
2416
2412
2414
2410
2412
2408
2410
2406
2408
2404
2406
2402
2404
2400
2402
2398
2400
2396
2398
2394
2396
2392
2394
2390
2392
2388
2390
2386
2388
2384
2386
2382
2384
2380
2382
2378
2380
2376
2378
2374
2376
2372
2374
2370
2372
2368
2370
2366
2368
2364
2366
2362
2364
2360
2362
2358
2360
2356
2358
2354
2356
2352
2354
2350
2352
2348
2350
2346
2348
2344
2346
2342
2344
2340
2342
2338
2340
2336
2338
2334
2336
2332
2334
2330
2332
2328
2330
2326
2328
2324
2326
2322
2324
2320
2322
2318
2320
2316
2318
2314
2316
2312
2314
2310
2312
2308
2310
2306
2308
2304
2306
2302
2304
2300
2302
2298
2300
2296
2298
2294
2296
2292
2294
2290
2292
2288
2290
2286
2288
2284
2286
2282
2284
2280
2282
2278
2280
2276
2278
2274
2276
2272
2274
2270
2272
2268
2270
2266
2268
2264
2266
2262
2264
2260
2262
2258
2260
2256
2258
2254
2256
2252
2254
2250
2252
2248
2250
2246
2248
2244
2246
2242
2244
2240
2242
2238
2240
2236
2238
2234
2236
2232
2234
2230
2232
2228
2230
2226
2228
2224
2226
2222
2224
2220
2222
2218
2220
2216
2218
2214
2216
2212
2214
2210
2212
2208
2210
2206
2208
2204
2206
2202
2204
2200
2202
2198
2200
2196
2198
2194
2196
2192
2194
2190
2192
2188
2190
2186
2188
2184
2186
2182
2184
2180
2182
2178
2180
2176
2178
2174
2176
2172
2174
2170
2172
2168
2170
2166
2168
2164
2166
2162
2164
2160
2162
2158
2160
2156
2158
2154
2156
2152
2154
2150
2152
2148
2150
2146
2148
2144
2146
2142
2144
2140
2142
2138
2140
2136
2138
2134
2136
2132
2134
2130
2132
2128
2130
2126
2128
2124
2126
2122
2124
2120
2122
2118
2120
2116
2118
2114
2116
2112
2114
2110
2112
2108
2110
2106
2108
2104
2106
2102
2104
2100
2102
2098
2100
2096
2098
2094
2096
2092
2094
2090
2092
2088
2090
2086
2088
2084
2086
2082
2084
2080
2082
2078
2080
2076
2078
2074
2076
2072
2074
2070
2072
2068
2070
2066
2068
2064
2066
2062
2064
2060
2062
2058
2060
2056
2058
2054
2056
2052
2054
2050
2052
2048
2050
2046
2048
2044
2046
2042
2044
2040
2042
2038
2040
2036
2038
2034
2036
2032
2034
2030
2032
2028
2030
2026
2028
2024
2026
2022
2024
2020
2022
2018
2020
2016
2018
2014
2016
2012
2014
2010
2012
2008
2010
2006
2008
2004
2006
2002
2004
2000
2002
1998
2000
1996
1998
1994
1996
1992
1994
1990
1992
1988
1990
1986
1988
1984
1986
1982
1984
1980
1982
1978
1980
1976
1978
1974
1976
1972
1974
1970
1972
1968
1970
1966
1968
1964
1966
1962
1964
1960
1962
1958
1960
1956
1958
1954
1956
1952
1954
1950
1952
1948
1950
1946
1948
1944
1946
1942
1944
1940
1942
1938
1940
1936
1938
1934
1936
1932
1934
1930
1932
1928
1930
1926
1928
1924
1926
1922
1924
1920
1922
1918
1920
1916
1918
1914
1916
1912
1914
1910
1912
1908
1910
1906
1908
1904
1906
1902
1904
1900
1902
1898
1900
1896
1898
1894
1896
1892
1894
1890
1892
1888
1890
1886
1888
1884
1886
1882
1884
1880
1882
1878
1880
1876
1878
1874
1876
1872
1874
1870
1872
1868
1870
1866
1868
1864
1866
1862
1864
1860
1862
1858
1860
1856
1858
1854
1856
1852
1854
1850
1852
1848
1850
1846
1848
1844
1846
1842
1844
1840
1842
1838
1840
1836
1838
1834
1836
1832
1834
1830
1832
1828
1830
1826
1828
1824
1826
1822
1824
1820
1822
1818
1820
1816
1818
1814
1816
1812
1814
1810
1812
1808
1810
1806
1808
1804
1806
1802
1804
1800
1802
1798
1800
1796
1798
1794
1796
1792
1794
1790
1792
1788
1790
1786
1788
1784
1786
1782
1784
1780
1782
1778
1780
1776
1778
1774
1776
1772
1774
1770
1772
1768
1770
1766
1768
1764
1766
1762
1764
1760
1762
1758
1760
1756
1758
1754
1756
1752
1754
1750
1752
1748
1750
1746
1748
1744
1746
1742
1744
1740
1742
1738
1740
1736
1738
1734
1736
1732
1734
1730
1732
1728
1730
1726
1728
1724
1726
1722
1724
1720
1722
1718
1720
1716
1718
1714
1716
1712
1714
1710
1712
1708
1710
1706
1708
1704
1706
1702
1704
1700
1702
1698
1700
1696
1698
1694
1696
1692
1694
1690
1692
1688
1690
1686
1688
1684
1686
1682
1684
1680
1682
1678
1680
1676
1678
1674
1676
1672
1674
1670
1672
1668
1670
1666
1668
1664
1666
1662
1664
1660
1662
1658
1660
1656
1658
1654
1656
1652
1654
1650
1652
1648
1650
1646
1648
1644
1646
1642
1644
1640
1642
1638
1640
1636
1638
1634
1636
1632
1634
1630
1632
1628
1630
1626
1628
1624
1626
1622
1624
1620
1622
1618
1620
1616
1618
1614
1616
1612
1614
1610
1612
1608
1610
1606
1608
1604
1606
1602
1604
1600
1602
1598
1600
1596
1598
1594
1596
1592
1594
1590
1592
1588
1590
1586
1588
1584
1586
1582
1584
1580
1582
1578
1580
1576
1578
1574
1576
1572
1574
1570
1572
1568
1570
1566
1568
1564
1566
1562
1564
1560
1562
1558
1560
1556
1558
1554
1556
1552
1554
1550
1552
1548
1550
1546
1548
1544
1546
1542
1544
1540
1542
1538
1540
1536
1538
1534
1536
1532
1534
1530
1532
1528
1530
1526
1528
1524
1526
1522
1524
1520
1522
1518
1520
1516
1518
1514
1516
1512
1514
1510
1512
1508
1510
1506
1508
1504
1506
1502
1504
1500
1502
1498
1500
1496
1498
1494
1496
1492
1494
1490
1492
1488
1490
1486
1488
1484
1486
1482
1484
1480
1482
1478
1480
1476
1478
1474
1476
1472
1474
1470
1472
1468
1470
1466
1468
1464
1466
1462
1464
1460
1462
1458
1460
1456
1458
1454
1456
1452
1454
1450
1452
1448
1450
1446
1448
1444
1446
1442
1444
1440
1442
1438
1440
1436
1438
1434
1436
1432
1434
1430
1432
1428
1430
1426
1428
1424
1426
1422
1424
1420
1422
1418
1420
1416
1418
1414
1416
1412
1414
1410
1412
1408
1410
1406
1408
1404
1406
1402
1404
1400
1402
1398
1400
1396
1398
1394
1396
1392
1394
1390
1392
1388
1390
1386
1388
1384
1386
1382
1384
1380
1382
1378
1380
1376
1378
1374
1376
1372
1374
1370
1372
1368
1370
1366
1368
1364
1366
1362
1364
1360
1362
1358
1360
1356
1358
1354
1356
1352
1354
1350
1352
1348
1350
1346
1348
1344
1346
1342
1344
1340
1342
1338
1340
1336
1338
1334
1336
1332
1334
1330
1332
1328
1330
1326
1328
1324
1326
1322
1324
1320
1322
1318
1320
1316
1318
1314
1316
1312
1314
1310
1312
1308
1310
1306
1308
1304
1306
1302
1304
1300
1302
1298
1300
1296
1298
1294
1296
1292
1294
1290
1292
1288
1290
1286
1288
1284
1286
1282
1284
1280
1282
1278
1280
1276
1278
1274
1276
1272
1274
1270
1272
1268
1270
1266
1268
1264
1266
1262
1264
1260
1262
1258
1260
1256
1258
1254
1256
1252
1254
1250
1252
1248
1250
1246
1248
1244
1246
1242
1244
1240
1242
1238
1240
1236
1238
1234
1236
1232
1234
1230
1232
1228
1230
1226
1228
1224
1226
1222
1224
1220
1222
1218
1220
1216
1218
1214
1216
1212
1214
1210
1212
1208
1210
1206
1208
1204
1206
1202
1204
1200
1202
1198
1200
1196
1198
1194
1196
1192
1194
1190
1192
1188
1190
1186
1188
1184
1186
1182
1184
1180
1182
1178
1180
1176
1178
1174
1176
1172
1174
1170
1172
1168
1170
1166
1168
1164
1166
1162
1164
1160
1162
1158
1160
1156
1158
1154
1156
1152
1154
1150
1152
1148
1150
1146
1148
1144
1146
1142
1144
1140
1142
1138
1140
1136
1138
1134
1136
1132
1134
1130
1132
1128
1130
1126
1128
1124
1126
1122
1124
1120
1122
1118
1120
1116
1118
1114
1116
1112
1114
1110
1112
1108
1110
1106
1108
1104
1106
1102
1104
1100
1102
1098
1100
1096
1098
1094
1096
1092
1094
1090
1092
1088
1090
1086
1088
1084
1086
1082
1084
1080
1082
1078
1080
1076
1078
1074
1076
1072
1074
1070
1072
1068
1070
1066
1068
1064
1066
1062
1064
1060
1062
1058
1060
1056
1058
1054
1056
1052
1054
1050
1052
1048
1050
1046
1048
1044
1046
1042
1044
1040
1042
1038
1040
1036
1038
1034
1036
1032
1034
1030
1032
1028
1030
1026
1028
1024
1026
1022
1024
1020
1022
1018
1020
1016
1018
1014
1016
1012
1014
1010
1012
1008
1010
1006
1008
1004
1006
1002
1004
1000
1002
998
1000
996
998
994
996
992
994
990
992
988
990
986
988
984
986
982
984
980
982
978
980
976
978
974
976
972
974
970
972
968
970
966
968
964
966
962
964
960
962
958
960
956
958
954
956
952
954
950
952
948
950
946
948
944
946
942
944
940
942
938
940
936
938
934
936
932
934
930
932
928
930
926
928
924
926
922
924
920
922
918
920
916
918
914
916
912
914
910
912
908
910
906
908
904
906
902
904
900
902
898
900
896
898
894
896
892
894
890
892
888
890
886
888
884
886
882
884
880
882
878
880
876
878
874
876
872
874
870
872
868
870
866
868
864
866
862
864
860
862
858
860
856
858
854
856
852
854
850
852
848
850
846
848
844
846
842
844
840
842
838
840
836
838
834
836
832
834
830
832
828
830
826
828
824
826
822
824
820
822
818
820
816
818
814
816
812
814
810
812
808
810
806
808
804
806
802
804
800
802
798
800
796
798
794
796
792
794
790
792
788
790
786
788
784
786
782
784
780
782
778
780
776
778
774
776
772
774
770
772
768
770
766
768
764
766
762
764
760
762
758
760
756
758
754
756
752
754
750
752
748
750
746
748
744
746
742
744
740
742
738
740
736
738
734
736
732
734
730
732
728
730
726
728
724
726
722
724
720
722
718
720
716
718
714
716
712
714
710
712
708
710
706
708
704
706
702
704
700
702
698
700
696
698
694
696
692
694
690
692
688
690
686
688
684
686
682
684
680
682
678
680
676
678
674
676
672
674
670
672
668
670
666
668
664
666
662
664
660
662
658
660
656
658
654
656
652
654
650
652
648
650
646
648
644
646
642
644
640
642
638
640
636
638
634
636
632
634
630
632
628
630
626
628
624
626
622
624
620
622
618
620
616
618
614
616
612
614
610
612
608
610
606
608
604
606
602
604
600
602
598
600
596
598
594
596
592
594
590
592
588
590
586
588
584
586
582
584
580
582
578
580
576
578
574
576
572
574
570
572
568
570
566
568
564
566
562
564
560
562
558
560
556
558
554
556
552
554
550
552
548
550
546
548
544
546
542
544
540
542
538
540
536
538
534
536
532
534
530
532
528
530
526
528
524
526
522
524
520
522
518
520
516
518
514
516
512
514
510
512
508
510
506
508
504
506
502
504
500
502
498
500
496
498
494
496
492
494
490
492
488
490
486
488
484
486
482
484
480
482
478
480
476
478
474
476
472
474
470
472
468
470
466
468
464
466
462
464
460
462
458
460
456
458
454
456
452
454
450
452
448
450
446
448
444
446
442
444
440
442
438
440
436
438
434
436
432
434
430
432
428
430
426
428
424
426
422
424
420
422
418
420
416
418
414
416
412
414
410
412
408
410
406
408
404
406
402
404
400
402
398
400
396
398
394
396
392
394
390
392
388
390
386
388
384
386
382
384
380
382
378
380
376
378
374
376
372
374
370
372
368
370
366
368
364
366
362
364
360
362
358
360
356
358
354
356
352
354
350
352
348
350
346
348
344
346
342
344
340
342
338
340
336
338
334
336
332
334
330
332
328
330
326
328
324
326
322
324
320
322
318
320
316
318
314
316
312
314
310
312
308
310
306
308
304
306
302
304
300
302
298
300
296
298
294
296
292
294
290
292
288
290
286
288
284
286
282
284
280
282
278
280
276
278
274
276
272
274
270
272
268
270
266
268
264
266
262
264
260
262
258
260
256
258
254
256
252
254
250
252
248
250
246
248
244
246
242
244
240
242
238
240
236
238
234
236
232
234
230
232
228
230
226
228
224
226
222
224
220
222
218
220
216
218
214
216
212
214
210
212
208
210
206
208
204
206
202
204
200
202
198
200
196
198
194
196
192
194
190
192
188
190
186
188
184
186
182
184
180
182
178
180
176
178
174
176
172
174
170
172
168
170
166
168
164
166
162
164
160
162
158
160
156
158
154
156
152
154
150
152
148
150
146
148
144
146
142
144
140
141
138
137
139
135
137
133
135
131
133
129
131
127
129
125
127
123
125
121
123
119
152
117
119
115
118
159
112
114
110
112
108
111
116
105
114
103
105
101
103
99
102
227
96
225
94
235
92
233
90
92
88
90
86
88
84
93
82
96
80
82
78
81
377
75
375
73
374
384
70
382
68
70
66
68
64
66
62
71
60
74
58
60
56
59
403
53
401
51
53
49
51
47
49
45
73
43
52
41
43
39
41
37
39
35
44
33
42
31
33
29
31
27
29
25
39
23
37
21
54
19
64
17
62
15
17
13
15
11
13
9
18
7
57
5
7
3
6
