Filename: ran2K.dat

Sorted Data
1
212
14
20
1653
1
5
5
5
1362
284
699
1166
297
1973
6
6
7
9
9
17
57
1036
594
1018
1370
1021
646
534
232
685
1348
1265
1844
1821
1229
85
1383
914
1687
876
450
1568
692
304
1106
1163
417
274
1459
1332
141
112
1240
772
1947
663
847
127
57
127
127
127
1961
915
206
331
158
356
1149
570
508
1556
1217
499
653
644
1233
494
1567
1068
1224
1022
356
383
283
283
383
737
990
654
392
392
1425
1049
360
360
161
161
177
1543
1790
1157
741
505
1400
925
1967
1740
1607
1992
1822
1993
624
1532
1365
1251
696
177
848
1895
574
270
574
398
131
131
176
502
1953
647
1466
374
405
1065
1566
1522
369
1261
1548
1883
1658
305
176
1431
1498
535
1431
1498
82
82
82
1454
128
128
128
128
1721
366
1115
1211
1377
963
941
1288
243
184
1949
1422
580
169
169
184
184
479
1735
1218
434
434
703
590
554
554
587
1885
1924
649
587
1107
739
1107
1500
282
739
1500
116
116
762
377
377
557
1846
1642
1661
794
557
1345
1865
1024
1004
1024
1165
83
83
132
1514
588
828
132
132
1146
1471
1328
916
956
80
80
132
1486
209
209
1791
264
268
231
104
104
231
353
808
1475
1773
840
1884
602
1450
1456
1560
735
735
151
676
76
76
470
676
1683
1487
1206
1329
277
1206
1329
15
15
15
975
197
831
353
1296
51
51
51
51
51
677
105
872
1667
168
185
1611
1358
1026
1084
1461
1388
1815
1340
1933
555
185
612
367
367
367
702
1743
901
1376
384
384
829
1364
191
191
323
1027
1001
818
818
879
233
233
233
1108
490
1141
1102
451
451
487
408
408
408
1962
1271
1020
1807
1806
1453
722
722
725
1182
469
469
918
255
601
725
1192
32
32
32
32
32
820
874
393
47
174
1361
72
119
155
576
643
1008
745
496
745
1016
10
10
10
10
10
1355
1955
1072
718
827
362
613
492
1818
1138
929
190
190
372
1104
337
372
75
75
75
1324
1845
422
1907
308
261
261
1622
1581
149
149
548
548
746
108
26
26
26
41
942
1227
1175
1179
386
1323
1235
1255
77
77
77
572
640
87
724
395
395
1445
1155
1316
1445
1112
1155
1525
380
380
604
1095
70
70
70
77
1648
1066
736
1582
788
1956
1894
948
948
1113
1922
437
437
562
476
476
686
1242
1681
753
753
20
20
20
20
1313
1908
891
1843
1246
42
622
1610
1426
1243
17
17
17
17
188
844
1490
932
461
1220
778
1805
1912
608
1390
1079
1738
751
48
48
48
59
81
160
160
744
1378
988
1823
953
1542
240
1397
1338
1890
890
890
1070
1586
18
18
18
18
18
64
1659
172
1778
249
295
1677
1755
1039
642
91
1410
170
628
832
1809
1966
1531
1201
1064
706
401
1546
262
1941
987
596
1701
700
480
1851
1551
944
423
1591
1618
1363
1936
183
322
959
468
1509
263
1478
1879
1579
1505
838
1802
994
1766
1394
931
1392
1817
1684
1990
1406
993
1930
547
804
1939
796
1094
1105
964
1606
446
1290
1042
1436
811
1444
859
1315
1732
1167
319
1402
378
1437
835
779
1278
1529
1830
1887
966
1647
71
1583
375
1086
236
1183
1601
1309
1920
954
1970
1154
1468
200
1810
1934
81
1342
1510
1221
1911
1268
816
962
78
1868
471
799
315
1446
394
1858
107
732
723
1860
797
1771
1971
853
986
1705
1799
1352
1043
1099
1013
1652
1044
1054
1263
1123
1164
1122
597
338
955
1836
1381
1679
456
1734
714
517
1709
1931
871
902
1710
433
201
431
275
1751
1264
1784
810
585
1760
1772
1449
627
64
898
1673
154
154
541
1511
347
347
672
34
34
207
1126
285
982
389
61
61
61
207
1482
972
787
935
1173
1792
659
207
1135
1019
1819
403
403
1341
90
90
92
92
1516
1280
160
1872
439
998
192
192
1357
257
257
606
606
1196
1081
1196
1776
22
22
22
92
908
246
1584
1804
126
126
126
138
211
1985
459
1158
1690
1625
667
605
819
329
329
883
793
1484
1160
1675
681
681
995
995
1614
951
1604
669
669
705
705
1980
1537
815
1393
220
220
1372
178
178
220
1724
892
1132
164
164
164
164
1411
1007
1269
1180
837
1174
1989
1722
455
273
273
1798
1248
29
29
45
564
1127
1473
1641
334
352
458
516
733
1334
219
195
1699
1199
1863
1014
359
111
560
698
1434
978
203
1730
525
1763
302
760
1523
758
1720
1968
1688
404
1513
981
1295
147
1145
1349
1028
721
1747
527
1952
1119
289
69
795
1033
1310
763
806
300
809
523
893
54
905
1005
1419
927
1319
509
382
834
1811
1291
324
504
1373
1360
118
1613
489
1031
693
1853
1433
526
1282
351
438
1161
298
759
1474
775
482
1286
1572
1715
1825
738
45
45
45
1896
1800
691
1598
1202
1130
316
1368
1632
812
196
812
1379
12
12
12
1046
1326
1277
1479
1770
1197
843
1046
327
327
1391
406
167
167
167
1944
1707
1664
272
272
272
330
365
279
365
1762
1455
1855
1389
896
1671
208
208
335
335
1605
457
457
1270
1643
1874
187
187
187
1649
1833
1285
449
841
340
340
381
381
538
1047
472
841
1975
1812
878
822
674
325
325
886
466
410
886
258
325
1519
124
124
124
1573
1305
1536
727
1726
1561
113
113
415
415
528
553
636
1151
55
55
55
55
1808
1704
805
1415
922
940
253
1565
224
1828
9
9
9
9
13
1281
566
1124
418
1530
997
425
1871
1085
1541
171
777
530
345
363
821
1194
313
413
1996
343
1495
385
919
1339
1337
271
13
13
35
60
1557
278
549
204
845
501
136
1279
682
1892
138
425
1638
950
1994
1367
579
579
1483
1737
66
66
875
1193
312
312
1602
460
52
52
52
1451
1325
473
689
689
1452
710
484
710
153
153
1057
1057
1139
2000
1462
24
24
24
30
1983
1765
803
1748
430
216
30
30
30
56
513
615
858
1185
1300
1899
768
584
239
239
239
1170
301
1464
1504
863
1414
1050
251
1550
573
573
766
1469
1774
60
60
60
1761
1350
199
1969
388
388
1958
478
478
852
524
1050
1756
120
120
634
1354
1077
1650
244
244
244
1307
336
1935
1418
1626
715
578
578
1069
707
318
318
318
750
1387
1232
868
868
1630
1429
550
550
290
290
610
68
68
68
68
1746
1176
1786
435
1234
887
1432
74
74
159
1731
592
1759
1852
1886
969
1121
533
159
159
581
867
1549
1706
1430
182
182
182
182
182
1330
900
1832
1972
303
1877
1275
1976
717
1702
1795
930
967
598
589
589
1003
1385
296
296
424
419
589
140
296
1959
1526
62
62
1835
774
774
716
716
1831
1000
223
223
115
115
115
115
371
634
1186
1524
1775
1589
1539
671
651
651
755
755
1343
36
36
36
575
1259
869
348
226
163
11
11
11
11
31
95
595
162
414
1963
614
1274
1826
1171
1249
1128
1758
1797
836
96
873
307
1592
1769
719
157
1035
1712
211
1506
885
110
420
1041
194
1816
1881
1917
462
175
713
1733
379
1645
668
1463
1470
522
134
802
1796
1236
1873
520
95
95
186
485
440
344
355
1981
511
561
791
1448
543
543
1717
977
1133
1717
341
341
1250
1827
396
396
326
326
1577
833
287
396
786
256
256
287
683
961
31
31
31
46
780
697
1617
1870
1991
1700
411
1467
556
235
235
1006
1964
866
1006
586
586
658
400
400
850
1488
1040
1125
1488
186
186
234
1609
1477
238
238
238
652
1408
783
911
1857
1636
1424
911
1744
984
397
397
1096
743
148
603
743
39
39
39
39
582
41
1413
637
1089
1136
259
709
317
317
1153
1247
1060
1153
35
35
35
1421
67
165
515
515
1320
521
38
38
577
577
1150
1303
58
165
767
40
40
56
56
1616
1515
4
4
4
4
4
38
280
1292
1053
101
518
1331
1540
1369
1995
1207
864
1002
979
1120
248
218
218
544
616
1053
1159
5
5
5
109
1520
146
146
1913
635
1793
1245
813
1222
1371
293
293
577
1012
1813
428
1012
28
28
28
28
1615
1073
1820
1856
881
1696
135
512
1780
632
106
106
1147
650
2
2
2
2
2
8
1563
202
928
1891
1727
1267
817
63
1692
166
288
188
1918
1502
1223
229
540
630
242
1029
1508
1254
626
173
1317
180
368
1788
648
1708
444
1570
1088
664
19
619
221
1662
558
1547
1299
625
661
436
1208
1997
618
1608
1213
1501
474
266
1228
510
241
8
8
8
8
1666
945
960
1491
84
25
25
100
1978
609
1203
1898
611
495
1829
1654
704
1457
1787
121
761
1767
1311
568
156
757
1083
376
1624
181
100
241
1333
1238
1356
514
144
974
1144
53
53
53
53
73
1889
1465
98
926
1335
260
629
215
1058
980
1443
286
1902
1205
409
1074
73
117
1489
920
65
65
65
65
102
1578
1657
645
1533
1905
350
673
1777
849
125
125
1293
532
265
1656
1015
623
237
600
623
142
142
237
427
567
670
1876
1080
133
133
1794
179
179
179
1399
429
621
493
1178
1916
454
454
493
1051
1861
500
21
21
21
21
23
97
1076
1409
665
475
536
1308
970
364
399
332
1507
228
1447
225
924
909
1979
1276
537
97
102
856
1256
354
1492
1919
1401
952
1497
463
996
1594
1943
114
756
467
1640
427
102
532
1725
1481
1253
1854
497
537
1273
3
3
3
3
89
690
1714
790
1849
1627
1837
1719
569
1974
486
1783
782
855
442
1322
1914
1834
1184
734
1782
139
89
89
1416
1937
1848
1252
903
1686
857
846
846
1680
1148
49
49
765
1098
16
16
16
16
23
94
947
1678
247
921
1384
728
679
1055
1957
1091
189
1612
1321
276
103
1723
143
1210
593
1595
1633
666
912
1403
1152
798
1668
1528
1428
390
1298
1954
267
94
94
1109
1753
346
1241
1634
1143
230
230
254
1287
1682
1375
1729
37
37
37
94
895
825
357
1628
217
122
122
1284
1665
1442
1071
407
407
1353
1637
1272
1353
210
210
749
416
749
933
7
7
7
27
1181
46
1754
617
1499
311
1306
1037
93
93
311
1215
1660
361
86
86
1534
747
1045
1534
33
33
50
50
1438
1231
27
27
27
1103
1859
1926
1544
99
99
1651
222
222
934
946
1596
152
152
79
79
79
145
694
620
1025
1056
349
1555
1644
1635
1092
1850
498
1569
328
842
1294
641
1945
421
656
1576
1283
1878
1999
447
145
807
1703
687
1703
245
687
545
1850
1134
