Filename: rev2K.dat

Sorted Data
1
21
31
81
81
91
1995
1994
1993
1992
1991
1990
1989
1988
1987
1986
1985
1984
1983
1982
1981
1980
1979
1978
1977
1976
1975
1974
1973
1972
1971
1970
1969
1968
1967
1966
1965
1964
1963
1962
1961
1960
1959
1958
1957
1956
1955
1954
1953
1952
1951
1950
1949
1948
1947
1946
1945
1944
1943
1942
1949
1940
1947
1938
1945
1936
1943
1934
1941
1932
1939
1930
1937
1928
1935
1926
1933
1924
1931
1922
1929
1920
1927
1918
1925
1916
1923
1914
1921
1912
1919
1910
1917
1908
1915
1906
1913
1904
1911
1902
1909
1900
1907
1898
1905
1896
1903
1894
1901
1892
1909
1890
1907
1888
1905
1886
1903
1884
1901
1882
1889
1880
1887
1878
1885
1876
1883
1874
1881
1872
1889
1870
1887
1868
1885
1866
1883
1864
1881
1862
1869
1860
1867
1858
1865
1856
1863
1854
1861
1852
1869
1850
1867
1848
1865
1846
1863
1844
1861
1842
1849
1840
1847
1838
1845
1836
1843
1834
1841
1832
1849
1830
1847
1828
1845
1826
1843
1824
1841
1822
1829
1820
1827
1818
1825
1816
1823
1814
1821
1812
1829
1810
1827
1808
1825
1806
1823
1804
1821
1802
1809
1800
1807
1798
1805
1796
1803
1794
1801
1792
1809
1790
1807
1788
1805
1786
1803
1784
1801
1782
1789
1780
1787
1778
1785
1776
1783
1774
1781
1772
1789
1770
1787
1768
1785
1766
1783
1764
1781
1762
1769
1760
1767
1758
1765
1756
1763
1754
1761
1752
1769
1750
1767
1748
1765
1746
1763
1744
1761
1742
1749
1740
1747
1738
1745
1736
1743
1734
1741
1732
1749
1730
1747
1728
1745
1726
1743
1724
1741
1722
1729
1720
1727
1718
1725
1716
1723
1714
1721
1712
1729
1710
1727
1708
1725
1706
1723
1704
1721
1702
1709
1700
1707
1698
1705
1696
1703
1694
1701
1692
1709
1690
1707
1688
1705
1686
1703
1684
1701
1682
1689
1680
1687
1678
1685
1676
1683
1674
1681
1672
1689
1670
1687
1668
1685
1666
1683
1664
1681
1662
1669
1660
1667
1658
1665
1656
1663
1654
1661
1652
1669
1650
1667
1648
1665
1646
1663
1644
1661
1642
1649
1640
1647
1638
1645
1636
1643
1634
1641
1632
1649
1630
1647
1628
1645
1626
1643
1624
1641
1622
1629
1620
1627
1618
1625
1616
1623
1614
1621
1612
1629
1610
1627
1608
1625
1606
1623
1604
1621
1602
1609
1600
1607
1598
1605
1596
1603
1594
1601
1592
1609
1590
1607
1588
1605
1586
1603
1584
1601
1582
1589
1580
1587
1578
1585
1576
1583
1574
1581
1572
1589
1570
1587
1568
1585
1566
1583
1564
1581
1562
1569
1560
1567
1558
1565
1556
1563
1554
1561
1552
1569
1550
1567
1548
1565
1546
1563
1544
1561
1542
1549
1540
1547
1538
1545
1536
1543
1534
1541
1532
1549
1530
1547
1528
1545
1526
1543
1524
1541
1522
1529
1520
1527
1518
1525
1516
1523
1514
1521
1512
1529
1510
1527
1508
1525
1506
1523
1504
1521
1502
1509
1500
1507
1498
1505
1496
1503
1494
1501
1492
1509
1490
1507
1488
1505
1486
1503
1484
1501
1482
1489
1480
1487
1478
1485
1476
1483
1474
1481
1472
1489
1470
1487
1468
1485
1466
1483
1464
1481
1462
1469
1460
1467
1458
1465
1456
1463
1454
1461
1452
1469
1450
1467
1448
1465
1446
1463
1444
1461
1442
1449
1440
1447
1438
1445
1436
1443
1434
1441
1432
1449
1430
1447
1428
1445
1426
1443
1424
1441
1422
1429
1420
1427
1418
1425
1416
1423
1414
1421
1412
1429
1410
1427
1408
1425
1406
1423
1404
1421
1402
1409
1400
1407
1398
1405
1396
1403
1394
1401
1392
1409
1390
1407
1388
1405
1386
1403
1384
1401
1382
1389
1380
1387
1378
1385
1376
1383
1374
1381
1372
1389
1370
1387
1368
1385
1366
1383
1364
1381
1362
1369
1360
1367
1358
1365
1356
1363
1354
1361
1352
1369
1350
1367
1348
1365
1346
1363
1344
1361
1342
1349
1340
1347
1338
1345
1336
1343
1334
1341
1332
1349
1330
1347
1328
1345
1326
1343
1324
1341
1322
1329
1320
1327
1318
1325
1316
1323
1314
1321
1312
1329
1310
1327
1308
1325
1306
1323
1304
1321
1302
1309
1300
1307
1298
1305
1296
1303
1294
1301
1292
1309
1290
1307
1288
1305
1286
1303
1284
1301
1282
1289
1280
1287
1278
1285
1276
1283
1274
1281
1272
1289
1270
1287
1268
1285
1266
1283
1264
1281
1262
1269
1260
1267
1258
1265
1256
1263
1254
1261
1252
1269
1250
1267
1248
1265
1246
1263
1244
1261
1242
1249
1240
1247
1238
1245
1236
1243
1234
1241
1232
1249
1230
1247
1228
1245
1226
1243
1224
1241
1222
1229
1220
1227
1218
1225
1216
1223
1214
1221
1212
1229
1210
1227
1208
1225
1206
1223
1204
1221
1202
1209
1200
1207
1198
1205
1196
1203
1194
1201
1192
1209
1190
1207
1188
1205
1186
1203
1184
1201
1182
1189
1180
1187
1178
1185
1176
1183
1174
1181
1172
1189
1170
1187
1168
1185
1166
1183
1164
1181
1162
1169
1160
1167
1158
1165
1156
1163
1154
1161
1152
1169
1150
1167
1148
1165
1146
1163
1144
1161
1142
1149
1140
1147
1138
1145
1136
1143
1134
1141
1132
1149
1130
1147
1128
1145
1126
1143
1124
1141
1122
1129
1120
1127
1118
1125
1116
1123
1114
1121
1112
1129
1110
1127
1108
1125
1106
1123
1104
1121
1102
1109
1100
1107
1098
1105
1096
1103
1094
1101
1092
1109
1090
1107
1088
1105
1086
1103
1084
1101
1082
1089
1080
1087
1078
1085
1076
1083
1074
1081
1072
1089
1070
1087
1068
1085
1066
1083
1064
1081
1062
1069
1060
1067
1058
1065
1056
1063
1054
1061
1052
1069
1050
1067
1048
1065
1046
1063
1044
1061
1042
1049
1040
1047
1038
1045
1036
1043
1034
1041
1032
1049
1030
1047
1028
1045
1026
1043
1024
1041
1022
1029
1020
1027
1018
1025
1016
1023
1014
1021
1012
1029
1010
1027
1008
1025
1006
1023
1004
1021
1002
1009
1000
1007
998
1005
996
1003
994
1001
992
1009
990
1007
988
1005
986
1003
984
1001
982
989
980
987
978
985
976
983
974
981
972
989
970
987
968
985
966
983
964
981
962
969
960
967
958
965
956
963
954
961
952
969
950
967
948
965
946
963
944
961
942
949
940
947
938
945
936
943
934
941
932
949
930
947
928
945
926
943
924
941
922
929
920
927
918
925
916
923
914
921
912
929
910
927
908
925
906
923
904
921
902
909
900
907
898
905
896
903
894
901
892
909
890
907
888
905
886
903
884
901
882
889
880
887
878
885
876
883
874
881
872
889
870
887
868
885
866
883
864
881
862
869
860
867
858
865
856
863
854
861
852
869
850
867
848
865
846
863
844
861
842
849
840
847
838
845
836
843
834
841
832
849
830
847
828
845
826
843
824
841
822
829
820
827
818
825
816
823
814
821
812
829
810
827
808
825
806
823
804
821
802
809
800
807
798
805
796
803
794
801
792
809
790
807
788
805
786
803
784
801
782
789
780
787
778
785
776
783
774
781
772
789
770
787
768
785
766
783
764
781
762
769
760
767
758
765
756
763
754
761
752
769
750
767
748
765
746
763
744
761
742
749
740
747
738
745
736
743
734
741
732
749
730
747
728
745
726
743
724
741
722
729
720
727
718
725
716
723
714
721
712
729
710
727
708
725
706
723
704
721
702
709
700
707
698
705
696
703
694
701
692
709
690
707
688
705
686
703
684
701
682
689
680
687
678
685
676
683
674
681
672
689
670
687
668
685
666
683
664
681
662
669
660
667
658
665
656
663
654
661
652
669
650
667
648
665
646
663
644
661
642
649
640
647
638
645
636
643
634
641
632
649
630
647
628
645
626
643
624
641
622
629
620
627
618
625
616
623
614
621
612
629
610
627
608
625
606
623
604
621
602
609
600
607
598
605
596
603
594
601
592
609
590
607
588
605
586
603
584
601
582
589
580
587
578
585
576
583
574
581
572
589
570
587
568
585
566
583
564
581
562
569
560
567
558
565
556
563
554
561
552
569
550
567
548
565
546
563
544
561
542
549
540
547
538
545
536
543
534
541
532
549
530
547
528
545
526
543
524
541
522
529
520
527
518
525
516
523
514
521
512
529
510
527
508
525
506
523
504
521
502
509
500
507
498
505
496
503
494
501
492
509
490
507
488
505
486
503
484
501
482
489
480
487
478
485
476
483
474
481
472
489
470
487
468
485
466
483
464
481
462
469
460
467
458
465
456
463
454
461
452
469
450
467
448
465
446
463
444
461
442
449
440
447
438
445
436
443
434
441
432
449
430
447
428
445
426
443
424
441
422
429
420
427
418
425
416
423
414
421
412
429
410
427
408
425
406
423
404
421
402
409
400
407
398
405
396
403
394
401
392
409
390
407
388
405
386
403
384
401
382
389
380
387
378
385
376
383
374
381
372
389
370
387
368
385
366
383
364
381
362
369
360
367
358
365
356
363
354
361
352
369
350
367
348
365
346
363
344
361
342
349
340
347
338
345
336
343
334
341
332
349
330
347
328
345
326
343
324
341
322
329
320
327
318
325
316
323
314
321
312
329
310
327
308
325
306
323
304
321
302
309
300
307
298
305
296
303
294
301
292
309
290
307
288
305
286
303
284
301
282
289
280
287
278
285
276
283
274
281
272
289
270
287
268
285
266
283
264
281
262
269
260
267
258
265
256
263
254
261
252
269
250
267
248
265
246
263
244
261
242
249
240
247
238
245
236
243
234
241
232
249
230
247
228
245
226
243
224
241
222
229
220
227
218
225
216
223
214
221
212
229
210
227
208
225
206
223
204
221
202
209
200
207
198
205
196
203
194
201
192
209
190
207
188
205
186
203
184
201
182
189
180
187
178
185
176
183
174
181
172
189
170
187
168
185
166
183
164
181
162
169
160
167
158
165
156
163
154
161
152
169
150
167
148
165
146
163
144
161
142
149
140
147
138
145
136
143
134
141
132
149
130
147
128
145
126
143
124
141
122
129
120
127
118
125
116
123
114
121
112
129
110
127
108
125
106
123
104
121
102
109
100
107
98
105
96
103
94
101
92
109
90
107
88
105
86
103
84
101
82
89
80
87
78
85
76
83
74
81
72
89
70
87
68
85
66
83
64
81
62
69
60
67
58
65
56
63
54
61
52
69
50
67
48
65
46
63
44
61
42
49
40
47
38
45
36
43
34
41
32
59
30
57
28
55
26
53
24
51
22
69
20
67
18
65
16
63
14
61
12
19
10
17
8
15
6
13
4
11
2
