Filename: dup1K.dat

Sorted Data
1
1
3
3
5
9
515
291
129
560
975
997
73
929
138
421
668
904
643
819
630
106
323
39
147
115
541
102
878
44
44
475
165
537
967
526
898
811
524
771
137
137
917
776
770
950
471
307
400
798
917
49
146
172
224
821
567
313
40
40
40
40
472
256
454
456
756
646
412
665
94
399
496
167
141
123
904
315
374
669
769
596
624
179
938
879
116
192
69
94
116
662
864
528
199
32
32
444
128
802
703
42
116
945
491
15
15
32
925
912
176
814
343
38
658
578
315
310
34
34
50
709
813
85
213
782
946
568
941
710
577
612
657
691
306
306
941
882
850
493
4
4
4
4
751
335
513
809
122
507
181
96
76
305
257
613
10
10
10
10
681
28
822
443
505
588
229
232
154
19
27
45
419
843
206
563
591
146
902
550
139
299
247
461
896
839
151
308
413
333
684
818
149
263
774
72
72
834
856
133
737
847
949
187
22
22
45
868
869
1000
759
209
142
218
895
171
346
83
398
3
3
3
26
485
453
155
552
376
620
852
693
676
274
754
931
144
356
82
62
144
499
582
761
679
6
6
6
6
6
937
596
506
21
9
61
580
545
162
828
781
372
222
646
386
198
516
244
739
287
383
392
714
929
957
447
751
329
482
217
215
685
186
837
221
294
844
367
403
312
312
458
660
451
611
664
440
124
55
55
55
990
363
87
726
958
80
656
564
262
279
988
59
59
59
59
553
854
197
436
387
289
331
694
865
572
747
965
249
926
688
806
533
927
290
659
888
511
718
258
79
79
342
274
299
125
792
730
121
56
59
45
45
45
522
364
334
210
504
50
50
336
259
548
301
952
384
185
358
433
846
767
264
377
922
243
820
744
98
243
248
779
467
634
271
468
1
1
1
1
928
509
940
16
242
742
273
539
78
866
525
587
304
639
570
921
813
349
120
188
111
576
14
14
427
903
595
599
214
745
13
13
13
13
544
417
829
309
401
779
52
52
892
575
169
687
647
455
133
741
936
430
264
54
481
238
235
861
254
700
982
411
970
810
469
63
63
252
786
745
191
734
846
88
88
103
671
248
422
641
709
285
484
268
706
270
478
311
86
86
192
857
916
890
768
534
674
70
70
86
695
541
292
208
702
200
429
92
695
150
292
45
70
131
150
876
233
347
41
41
41
45
722
771
782
883
55
566
168
573
103
944
874
211
438
570
385
697
913
165
132
211
2
2
2
20
602
68
391
666
651
404
518
90
229
180
71
113
394
416
594
512
642
783
789
628
833
231
416
464
845
708
894
164
161
558
135
688
807
981
731
144
459
951
147
61
675
28
20
61
901
962
193
607
556
293
466
495
509
490
405
284
908
330
8
8
8
70
101
963
215
369
288
722
717
804
900
434
757
924
237
348
653
170
143
519
910
897
736
408
934
450
747
799
630
603
736
158
237
450
11
143
158
508
6
6
6
6
661
715
875
605
353
831
824
184
764
909
853
893
980
726
64
66
375
109
555
935
816
236
755
67
352
655
914
112
112
127
280
250
116
127
207
797
298
260
280
47
47
47
47
47
617
328
823
953
76
964
255
445
974
968
830
246
698
971
321
101
520
100
476
635
716
956
163
735
521
379
183
482
194
227
733
105
105
474
695
479
999
397
172
43
43
43
680
195
604
297
654
225
239
404
673
222
340
851
511
870
270
487
5
5
5
29
29
701
621
606
959
867
296
494
33
682
719
327
881
905
104
787
118
366
24
24
24
338
531
677
35
35
480
536
808
407
252
823
267
672
948
739
637
219
25
25
33
269
704
440
497
81
707
285
777
517
370
889
585
490
282
995
792
18
18
18
18
36
36
341
152
979
552
130
609
318
446
354
766
295
452
126
172
345
721
239
849
992
155
228
535
74
74
871
841
107
424
204
532
220
969
316
692
160
160
202
202
414
313
649
629
840
362
488
502
31
31
31
523
140
462
355
281
989
387
561
699
678
794
584
203
489
996
60
60
93
66
66
91
470
836
741
431
213
666
343
110
203
432
17
17
17
17
301
683
880
463
788
976
435
240
396
465
226
360
373
762
827
965
885
713
96
240
473
763
803
425
984
860
460
473
320
360
373
153
425
860
51
51
153
619
750
551
303
638
437
439
796
883
973
932
177
359
201
325
574
619
547
380
72
72
977
835
960
607
457
326
325
359
791
565
65
65
303
326
593
503
402
862
357
357
615
775
712
498
581
749
37
37
645
448
623
990
978
954
339
426
565
858
245
339
181
181
212
500
361
530
720
773
557
189
633
983
