Filename: dup2K.dat

Sorted Data
1
1
3
3
10
43
78
488
808
1058
396
764
722
799
1920
628
1716
96
603
1175
596
1308
1330
783
1648
1134
841
1256
668
229
1161
274
1366
211
163
675
938
1135
1001
1389
1654
1142
1705
1858
1728
1643
1804
95
1142
1768
70
70
1888
1448
1898
828
1773
1034
1101
87
87
128
128
1782
1475
1763
329
363
364
1212
1193
1015
1469
1065
1110
1303
539
1157
78
539
1682
593
796
1387
13
13
13
13
17
44
1197
822
1506
1658
1913
1195
835
927
941
1393
650
372
1721
361
247
868
1373
1492
1673
1295
408
785
1816
1658
730
62
62
440
527
1618
915
1605
484
883
1599
377
190
190
270
421
1908
1093
830
496
1820
1499
1554
1289
813
677
1552
1258
457
1289
1320
664
677
1961
401
401
1699
1261
623
1494
1211
1915
600
164
164
1372
967
404
404
1628
940
759
1360
1305
798
940
965
1568
158
158
674
1385
377
726
290
240
674
1457
49
49
164
1949
1247
581
1105
803
463
1977
555
913
242
1419
188
261
1427
620
184
184
917
729
1466
862
1429
1968
834
11
11
45
1823
67
184
1783
331
1670
525
1121
1234
506
506
1655
1397
1871
1288
1896
1248
1623
611
1397
1402
267
611
1508
1600
1040
1007
1828
226
267
1040
1333
130
130
1834
284
181
284
1421
745
794
1685
1304
112
112
1735
1028
842
820
1801
573
1990
560
1028
1125
583
820
153
573
86
86
110
110
535
1702
1560
141
141
1625
1521
1013
511
827
997
1891
52
52
66
10
10
10
52
1719
357
958
943
1316
1310
366
366
1886
1624
737
523
1337
1215
1974
1567
620
669
1153
1311
1581
454
520
669
1164
811
2
2
4
1048
1181
270
426
1548
1024
295
307
232
1072
209
349
269
1741
38
38
38
38
38
1956
1271
1182
566
1991
116
832
1486
133
432
303
738
1642
183
1178
1960
1862
880
252
845
261
709
502
1476
1322
1084
151
1077
1066
131
131
136
136
183
352
328
1089
208
324
645
607
617
451
1382
3
3
14
25
1849
367
980
1056
721
989
283
1592
1500
1301
1069
909
1675
1916
1939
1214
1775
515
515
1437
1805
671
671
1947
885
1510
1461
1987
1512
837
625
885
98
98
155
155
1612
517
568
831
1406
501
901
76
76
165
1142
1436
584
1237
320
754
935
1280
929
1311
212
1478
1053
1325
400
416
929
1311
137
212
400
1111
9
9
9
9
9
24
1409
430
910
1717
1175
1114
1453
271
1636
1446
1501
1710
720
564
1971
416
1208
442
1909
481
665
1793
1222
324
1819
837
1278
1556
382
1519
1813
1936
1442
1275
1595
465
465
1585
1732
918
1150
1423
641
898
918
1103
128
613
1150
56
128
1081
53
53
1340
1622
897
946
218
218
646
489
348
417
489
1173
860
1842
1017
779
44
348
860
21
21
21
21
22
1356
417
1302
1284
1171
1270
959
981
85
293
1088
949
717
1039
1692
259
1165
929
1375
1157
165
1205
1498
1780
1795
1876
1008
327
1747
1748
491
355
1744
36
1008
32
32
36
683
1179
438
1581
154
1203
92
1388
439
1588
444
976
143
8
8
8
187
1953
306
1786
219
1293
12
12
12
12
26
563
161
277
1119
955
490
399
1377
547
1992
541
637
1269
385
1112
262
1042
673
249
635
40
1602
643
656
1133
1505
1737
255
874
81
1850
1718
1580
115
1870
485
762
220
1204
1050
699
1209
1600
1824
1641
448
1573
50
26
26
26
26
749
356
1348
1443
1640
1861
911
1835
1854
605
1733
1494
1788
511
39
1141
74
1965
142
266
1188
804
1831
1832
58
1350
614
1662
1555
437
775
1927
1668
1349
1501
20
20
20
28
565
1005
495
1022
1514
37
763
263
1160
1626
912
1235
969
103
222
33
103
1933
1174
1617
782
1027
6
6
37
60
1122
203
351
685
371
682
202
203
351
682
1428
1416
1420
1550
34
109
1525
768
173
15
15
15
15
123
90
308
992
570
1398
630
616
340
1117
413
1000
904
1148
1156
706
990
646
1010
215
1865
27
27
27
27
27
27
722
1115
1980
1710
423
1677
1720
1516
1167
824
526
179
408
1945
319
1983
692
1481
1268
279
144
873
577
144
1251
512
1092
757
1901
1768
1818
310
1959
979
321
1615
695
88
88
1321
1004
1864
1466
572
572
1440
1379
755
734
638
1406
823
25
25
25
45
398
342
964
1201
471
152
1490
1565
1083
424
1683
590
474
1935
1363
548
947
330
937
45
45
299
397
1758
1576
480
1779
541
1764
1996
281
661
861
1113
177
28
28
28
1822
121
1529
237
1863
1881
177
1035
1260
407
227
407
602
507
1062
1827
1924
1385
28
28
28
28
739
1900
926
933
1323
469
545
551
847
1058
1155
851
213
551
847
1058
1106
1507
24
24
24
1784
270
766
701
862
716
1790
505
744
309
1379
79
79
109
109
691
552
904
883
1829
504
983
275
691
458
505
883
59
59
59
59
1450
1594
84
1656
1561
957
1880
221
1714
1047
537
1319
787
934
895
316
698
268
1906
818
1708
159
826
96
159
799
301
346
1031
41
41
96
169
1964
176
331
1431
258
715
663
482
1144
877
1331
1921
1696
709
792
264
106
106
516
609
1097
285
569
791
963
278
285
1343
362
43
43
1527
1878
470
1688
653
1725
91
181
285
470
14
14
14
91
108
536
479
1515
1929
169
1833
119
176
1034
782
1032
1937
843
1756
1752
193
731
291
381
587
1392
1868
657
741
1837
1584
1265
1358
1825
1361
1523
1739
1535
761
274
274
274
1662
902
1266
1394
689
1044
621
313
343
739
1196
297
343
1480
459
960
433
739
108
108
311
311
445
1345
905
914
1650
313
570
285
445
494
1678
63
63
108
224
1334
1240
1630
1538
1776
1189
1893
986
509
280
280
956
1699
1087
1527
1598
325
596
1759
225
956
1087
1598
1726
127
127
1487
498
1145
1408
890
21
21
21
21
21
21
518
771
607
1424
323
375
447
970
304
1233
129
1338
1210
1754
1306
1977
1603
850
1061
1791
1656
493
482
741
1140
1898
867
1403
1055
1244
494
1532
1352
1496
1944
857
1324
315
1099
1405
147
47
47
47
866
1085
817
872
94
816
1297
795
1441
206
210
350
1253
921
1345
1120
719
1274
1546
29
29
29
29
1585
1605
1892
1028
1462
1183
440
1844
1985
688
889
1730
1262
214
951
384
1281
710
522
171
1764
1929
61
61
214
1205
460
1590
821
390
1931
287
386
51
5
5
5
5
47
65
65
69
69
167
684
1166
1810
294
1011
1800
1614
703
1806
1884
651
1473
1539
1487
1067
1509
1770
122
394
347
476
1639
1667
561
1455
1246
774
1802
1940
1762
1129
1853
643
885
282
1941
1432
580
745
630
1991
1690
1444
952
476
392
156
540
1136
107
107
125
125
156
478
1082
760
1094
443
702
896
404
443
598
724
922
585
326
404
133
133
1627
436
376
813
229
229
961
434
434
1032
971
1635
1689
944
1032
1617
1080
1433
191
191
888
758
858
411
411
1556
1633
1983
723
1941
1194
804
100
723
360
1
1
1
1
1962
336
1531
1967
1347
69
73
73
387
1811
373
984
662
389
1796
2000
871
199
1463
582
713
543
899
1533
1079
379
1610
974
532
1981
1012
82
82
82
509
1023
725
449
747
425
1895
341
703
257
1430
195
499
1411
1595
343
1872
1238
1297
1762
1590
1637
366
588
534
172
172
1743
601
993
1451
1840
456
1199
1675
245
245
1904
1043
1975
1374
900
126
126
1243
916
393
1317
1273
1680
788
999
197
916
6
6
6
200
339
1315
1744
789
932
1545
875
1522
407
1074
846
292
786
549
288
288
669
1075
1761
1562
1969
1885
1999
977
73
76
393
846
1569
60
60
93
192
197
1313
1313
953
207
589
1850
1229
472
22
22
22
104
149
610
1277
1772
1697
647
629
1390
1825
1775
254
1185
1220
298
248
248
256
908
1068
1070
1997
1479
1434
878
453
524
1667
781
146
146
1214
422
345
1671
659
185
545
113
113
146
185
215
533
924
1645
528
920
615
767
1713
1414
335
1563
844
931
250
196
1414
1877
165
165
196
881
856
1950
578
1170
1943
849
1452
894
756
1692
1130
1686
105
105
105
105
105
1198
1672
1928
155
751
1897
264
1063
1932
1257
1917
1986
168
139
386
318
752
1371
531
1799
1468
1485
1364
1146
1477
649
1089
299
651
1593
198
198
198
1465
243
243
771
714
854
1029
802
475
1187
1219
1109
1003
1723
1879
383
383
386
1438
1474
928
685
402
402
1336
1919
1785
1232
1545
508
1019
203
203
1019
1078
747
252
252
1073
1168
414
1880
1611
1989
925
1073
4
4
4
45
1875
1464
1731
612
1318
1026
948
797
777
1563
823
567
473
1905
1259
1192
553
1382
1749
595
104
147
452
391
995
1707
1255
76
1048
1650
773
405
870
1496
919
1755
1729
102
72
429
1231
1239
1952
1285
1226
403
1726
1281
1607
1096
893
1578
334
954
1583
1536
1091
1415
450
1532
1381
1518
707
68
1370
1278
1976
1242
1202
1060
1821
54
1086
1787
1294
694
527
1663
431
1470
1850
135
869
779
1044
1701
1888
1735
1051
1966
1460
1225
1760
72
1683
840
836
1108
1954
1672
1489
419
1002
907
1579
1860
1979
256
45
676
172
435
1454
387
201
336
704
83
83
892
1103
807
1342
606
99
446
16
16
16
16
260
1375
1162
35
35
35
617
150
812
1513
962
124
1292
776
244
1095
1355
217
1131
679
1970
973
1401
859
666
1283
1446
1064
42
42
1291
633
490
1756
778
116
186
538
1445
1618
1054
1890
1354
1946
289
358
80
55
55
55
162
186
273
234
627
879
1422
1948
1190
1400
1816
1341
236
996
487
655
726
1647
1264
1679
1240
695
1649
228
111
111
186
1559
792
1413
1520
631
500
792
941
1425
1544
222
500
1538
1731
180
222
1606
88
31
180
296
1740
770
17
17
17
17
1903
731
1846
1746
1207
425
231
586
1332
578
750
1098
1435
1774
945
876
1570
239
1300
1149
71
71
315
764
1394
936
1177
1484
1665
1388
140
140
1057
1116
1847
634
338
175
370
1057
1557
513
634
1236
64
64
64
1504
160
305
118
118
575
666
576
1912
1384
503
1994
1924
189
1938
819
1359
735
497
1873
708
1459
132
575
18
18
497
839
1696
1753
574
1041
1902
1217
604
353
513
1299
1869
1926
557
1666
1455
120
353
574
1118
55
55
1914
1458
1482
968
1767
1526
1416
619
736
1458
19
1902
997
1526
1184
1416
