Filename: rev5K.dat

Sorted Data
1
2
12
14
29
31
135
139
147
148
149
154
232
239
246
327
329
4984
4983
4982
4981
4980
4979
4978
4977
4976
4975
4974
4973
4972
4971
4970
4969
4968
4967
4966
4965
4964
4963
4962
4961
4960
4959
4958
4957
4956
4955
4954
4953
4952
4951
4950
4949
4948
4947
4946
4945
4944
4943
4942
4944
4940
4942
4938
4940
4936
4938
4934
4936
4932
4934
4930
4932
4928
4930
4926
4928
4924
4926
4922
4924
4920
4922
4918
4920
4916
4918
4914
4916
4912
4914
4910
4912
4908
4910
4906
4908
4904
4906
4902
4904
4900
4902
4898
4900
4896
4898
4894
4896
4892
4894
4890
4892
4888
4890
4886
4888
4884
4886
4882
4884
4880
4882
4878
4880
4876
4885
4874
4883
4872
4874
4870
4872
4868
4870
4866
4875
4864
4873
4862
4864
4860
4862
4858
4861
4866
4855
4864
4853
4855
4851
4853
4849
4851
4847
4856
4845
4854
4843
4845
4841
4843
4839
4841
4837
4846
4835
4844
4833
4835
4831
4833
4829
4831
4827
4841
4825
4839
4823
4838
4850
4820
4848
4818
4820
4816
4818
4814
4816
4812
4821
4810
4819
4808
4810
4806
4808
4804
4806
4802
4811
4800
4809
4798
4800
4796
4798
4794
4796
4792
4806
4790
4804
4788
4816
4786
4814
4784
4786
4782
4784
4780
4782
4778
4787
4776
4785
4774
4776
4772
4774
4770
4772
4768
4777
4766
4775
4764
4766
4762
4764
4760
4762
4758
4772
4756
4770
4754
4782
4752
4780
4750
4752
4748
4750
4746
4748
4744
4753
4742
4751
4740
4742
4738
4740
4736
4738
4734
4743
4732
4741
4730
4732
4728
4730
4726
4728
4724
4738
4722
4736
4720
4748
4718
4746
4716
4718
4714
4716
4712
4714
4710
4719
4708
4717
4706
4708
4704
4706
4702
4704
4700
4709
4698
4707
4696
4698
4694
4696
4692
4694
4690
4704
4688
4702
4686
4714
4684
4712
4682
4684
4680
4682
4678
4680
4676
4685
4674
4683
4672
4674
4670
4672
4668
4670
4666
4675
4664
4673
4662
4664
4660
4662
4658
4660
4656
4670
4654
4668
4652
4680
4650
4678
4648
4650
4646
4648
4644
4646
4642
4651
4640
4649
4638
4640
4636
4638
4634
4636
4632
4641
4630
4639
4628
4630
4626
4628
4624
4626
4622
4636
4620
4634
4618
4646
4616
4644
4614
4616
4612
4614
4610
4612
4608
4617
4606
4615
4604
4606
4602
4604
4600
4602
4598
4607
4596
4605
4594
4596
4592
4594
4590
4592
4588
4602
4586
4600
4584
4612
4582
4610
4580
4582
4578
4580
4576
4578
4574
4583
4572
4581
4570
4572
4568
4570
4566
4568
4564
4573
4562
4571
4560
4562
4558
4560
4556
4558
4554
4568
4552
4566
4550
4578
4548
4576
4546
4548
4544
4546
4542
4544
4540
4549
4538
4547
4536
4538
4534
4536
4532
4534
4530
4539
4528
4537
4526
4528
4524
4526
4522
4524
4520
4534
4518
4532
4516
4544
4514
4542
4512
4514
4510
4512
4508
4510
4506
4515
4504
4513
4502
4504
4500
4502
4498
4500
4496
4505
4494
4503
4492
4494
4490
4492
4488
4490
4486
4500
4484
4498
4482
4510
4480
4508
4478
4480
4476
4478
4474
4476
4472
4481
4470
4479
4468
4470
4466
4468
4464
4466
4462
4471
4460
4469
4458
4460
4456
4458
4454
4456
4452
4466
4450
4464
4448
4476
4446
4474
4444
4446
4442
4444
4440
4442
4438
4447
4436
4445
4434
4436
4432
4434
4430
4432
4428
4437
4426
4435
4424
4426
4422
4424
4420
4422
4418
4432
4416
4430
4414
4442
4412
4440
4410
4412
4408
4410
4406
4408
4404
4413
4402
4411
4400
4402
4398
4400
4396
4398
4394
4403
4392
4401
4390
4392
4388
4390
4386
4388
4384
4398
4382
4396
4380
4408
4378
4406
4376
4378
4374
4376
4372
4374
4370
4379
4368
4377
4366
4368
4364
4366
4362
4364
4360
4369
4358
4367
4356
4358
4354
4356
4352
4354
4350
4364
4348
4362
4346
4374
4344
4372
4342
4344
4340
4342
4338
4340
4336
4345
4334
4343
4332
4334
4330
4332
4328
4330
4326
4335
4324
4333
4322
4324
4320
4322
4318
4320
4316
4330
4314
4328
4312
4340
4310
4338
4308
4310
4306
4308
4304
4306
4302
4311
4300
4309
4298
4300
4296
4298
4294
4296
4292
4301
4290
4299
4288
4290
4286
4288
4284
4286
4282
4296
4280
4294
4278
4306
4276
4304
4274
4276
4272
4274
4270
4272
4268
4277
4266
4275
4264
4266
4262
4264
4260
4262
4258
4267
4256
4265
4254
4256
4252
4254
4250
4252
4248
4262
4246
4260
4244
4272
4242
4270
4240
4242
4238
4240
4236
4238
4234
4243
4232
4241
4230
4232
4228
4230
4226
4228
4224
4233
4222
4231
4220
4222
4218
4220
4216
4218
4214
4228
4212
4226
4210
4238
4208
4236
4206
4208
4204
4206
4202
4204
4200
4209
4198
4207
4196
4198
4194
4196
4192
4194
4190
4199
4188
4197
4186
4188
4184
4186
4182
4184
4180
4194
4178
4192
4176
4204
4174
4202
4172
4174
4170
4172
4168
4170
4166
4175
4164
4173
4162
4164
4160
4162
4158
4160
4156
4165
4154
4163
4152
4154
4150
4152
4148
4150
4146
4160
4144
4158
4142
4170
4140
4168
4138
4140
4136
4138
4134
4136
4132
4141
4130
4139
4128
4130
4126
4128
4124
4126
4122
4131
4120
4129
4118
4120
4116
4118
4114
4116
4112
4126
4110
4124
4108
4136
4106
4134
4104
4106
4102
4104
4100
4102
4098
4107
4096
4105
4094
4096
4092
4094
4090
4092
4088
4097
4086
4095
4084
4086
4082
4084
4080
4082
4078
4092
4076
4090
4074
4102
4072
4100
4070
4072
4068
4070
4066
4068
4064
4073
4062
4071
4060
4062
4058
4060
4056
4058
4054
4063
4052
4061
4050
4052
4048
4050
4046
4048
4044
4058
4042
4056
4040
4068
4038
4066
4036
4038
4034
4036
4032
4034
4030
4039
4028
4037
4026
4028
4024
4026
4022
4024
4020
4029
4018
4027
4016
4018
4014
4016
4012
4014
4010
4024
4008
4022
4006
4034
4004
4032
4002
4004
4000
4002
3998
4000
3996
4005
3994
4003
3992
3994
3990
3992
3988
3990
3986
3995
3984
3993
3982
3984
3980
3982
3978
3980
3976
3990
3974
3988
3972
4000
3970
3998
3968
3970
3966
3968
3964
3966
3962
3971
3960
3969
3958
3960
3956
3958
3954
3956
3952
3961
3950
3959
3948
3950
3946
3948
3944
3946
3942
3956
3940
3954
3938
3966
3936
3964
3934
3936
3932
3934
3930
3932
3928
3937
3926
3935
3924
3926
3922
3924
3920
3922
3918
3927
3916
3925
3914
3916
3912
3914
3910
3912
3908
3922
3906
3920
3904
3932
3902
3930
3900
3902
3898
3900
3896
3898
3894
3903
3892
3901
3890
3892
3888
3890
3886
3888
3884
3893
3882
3891
3880
3882
3878
3880
3876
3878
3874
3888
3872
3886
3870
3898
3868
3896
3866
3868
3864
3866
3862
3864
3860
3869
3858
3867
3856
3858
3854
3856
3852
3854
3850
3859
3848
3857
3846
3848
3844
3846
3842
3844
3840
3854
3838
3852
3836
3864
3834
3862
3832
3834
3830
3832
3828
3830
3826
3835
3824
3833
3822
3824
3820
3822
3818
3820
3816
3825
3814
3823
3812
3814
3810
3812
3808
3810
3806
3820
3804
3818
3802
3830
3800
3828
3798
3800
3796
3798
3794
3796
3792
3801
3790
3799
3788
3790
3786
3788
3784
3786
3782
3791
3780
3789
3778
3780
3776
3778
3774
3776
3772
3786
3770
3784
3768
3796
3766
3794
3764
3766
3762
3764
3760
3762
3758
3767
3756
3765
3754
3756
3752
3754
3750
3752
3748
3757
3746
3755
3744
3746
3742
3744
3740
3742
3738
3752
3736
3750
3734
3762
3732
3760
3730
3732
3728
3730
3726
3728
3724
3733
3722
3731
3720
3722
3718
3720
3716
3718
3714
3723
3712
3721
3710
3712
3708
3710
3706
3708
3704
3718
3702
3716
3700
3728
3698
3726
3696
3698
3694
3696
3692
3694
3690
3699
3688
3697
3686
3688
3684
3686
3682
3684
3680
3689
3678
3687
3676
3678
3674
3676
3672
3674
3670
3684
3668
3682
3666
3694
3664
3692
3662
3664
3660
3662
3658
3660
3656
3665
3654
3663
3652
3654
3650
3652
3648
3650
3646
3655
3644
3653
3642
3644
3640
3642
3638
3640
3636
3650
3634
3648
3632
3660
3630
3658
3628
3630
3626
3628
3624
3626
3622
3631
3620
3629
3618
3620
3616
3618
3614
3616
3612
3621
3610
3619
3608
3610
3606
3608
3604
3606
3602
3616
3600
3614
3598
3626
3596
3624
3594
3596
3592
3594
3590
3592
3588
3597
3586
3595
3584
3586
3582
3584
3580
3582
3578
3587
3576
3585
3574
3576
3572
3574
3570
3572
3568
3582
3566
3580
3564
3592
3562
3590
3560
3562
3558
3560
3556
3558
3554
3563
3552
3561
3550
3552
3548
3550
3546
3548
3544
3553
3542
3551
3540
3542
3538
3540
3536
3538
3534
3548
3532
3546
3530
3558
3528
3556
3526
3528
3524
3526
3522
3524
3520
3529
3518
3527
3516
3518
3514
3516
3512
3514
3510
3519
3508
3517
3506
3508
3504
3506
3502
3504
3500
3514
3498
3512
3496
3524
3494
3522
3492
3494
3490
3492
3488
3490
3486
3495
3484
3493
3482
3484
3480
3482
3478
3480
3476
3485
3474
3483
3472
3474
3470
3472
3468
3470
3466
3480
3464
3478
3462
3490
3460
3488
3458
3460
3456
3458
3454
3456
3452
3461
3450
3459
3448
3450
3446
3448
3444
3446
3442
3451
3440
3449
3438
3440
3436
3438
3434
3436
3432
3446
3430
3444
3428
3456
3426
3454
3424
3426
3422
3424
3420
3422
3418
3427
3416
3425
3414
3416
3412
3414
3410
3412
3408
3417
3406
3415
3404
3406
3402
3404
3400
3402
3398
3412
3396
3410
3394
3422
3392
3420
3390
3392
3388
3390
3386
3388
3384
3393
3382
3391
3380
3382
3378
3380
3376
3378
3374
3383
3372
3381
3370
3372
3368
3370
3366
3368
3364
3378
3362
3376
3360
3388
3358
3386
3356
3358
3354
3356
3352
3354
3350
3359
3348
3357
3346
3348
3344
3346
3342
3344
3340
3349
3338
3347
3336
3338
3334
3336
3332
3334
3330
3344
3328
3342
3326
3354
3324
3352
3322
3324
3320
3322
3318
3320
3316
3325
3314
3323
3312
3314
3310
3312
3308
3310
3306
3315
3304
3313
3302
3304
3300
3302
3298
3300
3296
3310
3294
3308
3292
3320
3290
3318
3288
3290
3286
3288
3284
3286
3282
3291
3280
3289
3278
3280
3276
3278
3274
3276
3272
3281
3270
3279
3268
3270
3266
3268
3264
3266
3262
3276
3260
3274
3258
3286
3256
3284
3254
3256
3252
3254
3250
3252
3248
3257
3246
3255
3244
3246
3242
3244
3240
3242
3238
3247
3236
3245
3234
3236
3232
3234
3230
3232
3228
3242
3226
3240
3224
3252
3222
3250
3220
3222
3218
3220
3216
3218
3214
3223
3212
3221
3210
3212
3208
3210
3206
3208
3204
3213
3202
3211
3200
3202
3198
3200
3196
3198
3194
3208
3192
3206
3190
3218
3188
3216
3186
3188
3184
3186
3182
3184
3180
3189
3178
3187
3176
3178
3174
3176
3172
3174
3170
3179
3168
3177
3166
3168
3164
3166
3162
3164
3160
3174
3158
3172
3156
3184
3154
3182
3152
3154
3150
3152
3148
3150
3146
3155
3144
3153
3142
3144
3140
3142
3138
3140
3136
3145
3134
3143
3132
3134
3130
3132
3128
3130
3126
3140
3124
3138
3122
3150
3120
3148
3118
3120
3116
3118
3114
3116
3112
3121
3110
3119
3108
3110
3106
3108
3104
3106
3102
3111
3100
3109
3098
3100
3096
3098
3094
3096
3092
3106
3090
3104
3088
3116
3086
3114
3084
3086
3082
3084
3080
3082
3078
3087
3076
3085
3074
3076
3072
3074
3070
3072
3068
3077
3066
3075
3064
3066
3062
3064
3060
3062
3058
3072
3056
3070
3054
3082
3052
3080
3050
3052
3048
3050
3046
3048
3044
3053
3042
3051
3040
3042
3038
3040
3036
3038
3034
3043
3032
3041
3030
3032
3028
3030
3026
3028
3024
3038
3022
3036
3020
3048
3018
3046
3016
3018
3014
3016
3012
3014
3010
3019
3008
3017
3006
3008
3004
3006
3002
3004
3000
3009
2998
3007
2996
2998
2994
2996
2992
2994
2990
3004
2988
3002
2986
3014
2984
3012
2982
2984
2980
2982
2978
2980
2976
2985
2974
2983
2972
2974
2970
2972
2968
2970
2966
2975
2964
2973
2962
2964
2960
2962
2958
2960
2956
2970
2954
2968
2952
2980
2950
2978
2948
2950
2946
2948
2944
2946
2942
2951
2940
2949
2938
2940
2936
2938
2934
2936
2932
2941
2930
2939
2928
2930
2926
2928
2924
2926
2922
2936
2920
2934
2918
2946
2916
2944
2914
2916
2912
2914
2910
2912
2908
2917
2906
2915
2904
2906
2902
2904
2900
2902
2898
2907
2896
2905
2894
2896
2892
2894
2890
2892
2888
2902
2886
2900
2884
2912
2882
2910
2880
2882
2878
2880
2876
2878
2874
2883
2872
2881
2870
2872
2868
2870
2866
2868
2864
2873
2862
2871
2860
2862
2858
2860
2856
2858
2854
2868
2852
2866
2850
2878
2848
2876
2846
2848
2844
2846
2842
2844
2840
2849
2838
2847
2836
2838
2834
2836
2832
2834
2830
2839
2828
2837
2826
2828
2824
2826
2822
2824
2820
2834
2818
2832
2816
2844
2814
2842
2812
2814
2810
2812
2808
2810
2806
2815
2804
2813
2802
2804
2800
2802
2798
2800
2796
2805
2794
2803
2792
2794
2790
2792
2788
2790
2786
2800
2784
2798
2782
2810
2780
2808
2778
2780
2776
2778
2774
2776
2772
2781
2770
2779
2768
2770
2766
2768
2764
2766
2762
2771
2760
2769
2758
2760
2756
2758
2754
2756
2752
2766
2750
2764
2748
2776
2746
2774
2744
2746
2742
2744
2740
2742
2738
2747
2736
2745
2734
2736
2732
2734
2730
2732
2728
2737
2726
2735
2724
2726
2722
2724
2720
2722
2718
2732
2716
2730
2714
2742
2712
2740
2710
2712
2708
2710
2706
2708
2704
2713
2702
2711
2700
2702
2698
2700
2696
2698
2694
2703
2692
2701
2690
2692
2688
2690
2686
2688
2684
2698
2682
2696
2680
2708
2678
2706
2676
2678
2674
2676
2672
2674
2670
2679
2668
2677
2666
2668
2664
2666
2662
2664
2660
2669
2658
2667
2656
2658
2654
2656
2652
2654
2650
2664
2648
2662
2646
2674
2644
2672
2642
2644
2640
2642
2638
2640
2636
2645
2634
2643
2632
2634
2630
2632
2628
2630
2626
2635
2624
2633
2622
2624
2620
2622
2618
2620
2616
2630
2614
2628
2612
2640
2610
2638
2608
2610
2606
2608
2604
2606
2602
2611
2600
2609
2598
2600
2596
2598
2594
2596
2592
2601
2590
2599
2588
2590
2586
2588
2584
2586
2582
2596
2580
2594
2578
2606
2576
2604
2574
2576
2572
2574
2570
2572
2568
2577
2566
2575
2564
2566
2562
2564
2560
2562
2558
2567
2556
2565
2554
2556
2552
2554
2550
2552
2548
2562
2546
2560
2544
2572
2542
2570
2540
2542
2538
2540
2536
2538
2534
2543
2532
2541
2530
2532
2528
2530
2526
2528
2524
2533
2522
2531
2520
2522
2518
2520
2516
2518
2514
2528
2512
2526
2510
2538
2508
2536
2506
2508
2504
2506
2502
2504
2500
2509
2498
2507
2496
2498
2494
2496
2492
2494
2490
2499
2488
2497
2486
2488
2484
2486
2482
2484
2480
2494
2478
2492
2476
2504
2474
2502
2472
2474
2470
2472
2468
2470
2466
2475
2464
2473
2462
2464
2460
2462
2458
2460
2456
2465
2454
2463
2452
2454
2450
2452
2448
2450
2446
2460
2444
2458
2442
2470
2440
2468
2438
2440
2436
2438
2434
2436
2432
2441
2430
2439
2428
2430
2426
2428
2424
2426
2422
2431
2420
2429
2418
2420
2416
2418
2414
2416
2412
2426
2410
2424
2408
2436
2406
2434
2404
2406
2402
2404
2400
2402
2398
2407
2396
2405
2394
2396
2392
2394
2390
2392
2388
2397
2386
2395
2384
2386
2382
2384
2380
2382
2378
2392
2376
2390
2374
2402
2372
2400
2370
2372
2368
2370
2366
2368
2364
2373
2362
2371
2360
2362
2358
2360
2356
2358
2354
2363
2352
2361
2350
2352
2348
2350
2346
2348
2344
2358
2342
2356
2340
2368
2338
2366
2336
2338
2334
2336
2332
2334
2330
2339
2328
2337
2326
2328
2324
2326
2322
2324
2320
2329
2318
2327
2316
2318
2314
2316
2312
2314
2310
2324
2308
2322
2306
2334
2304
2332
2302
2304
2300
2302
2298
2300
2296
2305
2294
2303
2292
2294
2290
2292
2288
2290
2286
2295
2284
2293
2282
2284
2280
2282
2278
2280
2276
2290
2274
2288
2272
2300
2270
2298
2268
2270
2266
2268
2264
2266
2262
2271
2260
2269
2258
2260
2256
2258
2254
2256
2252
2261
2250
2259
2248
2250
2246
2248
2244
2246
2242
2256
2240
2254
2238
2266
2236
2264
2234
2236
2232
2234
2230
2232
2228
2237
2226
2235
2224
2226
2222
2224
2220
2222
2218
2227
2216
2225
2214
2216
2212
2214
2210
2212
2208
2222
2206
2220
2204
2232
2202
2230
2200
2202
2198
2200
2196
2198
2194
2203
2192
2201
2190
2192
2188
2190
2186
2188
2184
2193
2182
2191
2180
2182
2178
2180
2176
2178
2174
2188
2172
2186
2170
2198
2168
2196
2166
2168
2164
2166
2162
2164
2160
2169
2158
2167
2156
2158
2154
2156
2152
2154
2150
2159
2148
2157
2146
2148
2144
2146
2142
2144
2140
2154
2138
2152
2136
2164
2134
2162
2132
2134
2130
2132
2128
2130
2126
2135
2124
2133
2122
2124
2120
2122
2118
2120
2116
2125
2114
2123
2112
2114
2110
2112
2108
2110
2106
2120
2104
2118
2102
2130
2100
2128
2098
2100
2096
2098
2094
2096
2092
2101
2090
2099
2088
2090
2086
2088
2084
2086
2082
2091
2080
2089
2078
2080
2076
2078
2074
2076
2072
2086
2070
2084
2068
2096
2066
2094
2064
2066
2062
2064
2060
2062
2058
2067
2056
2065
2054
2056
2052
2054
2050
2052
2048
2057
2046
2055
2044
2046
2042
2044
2040
2042
2038
2052
2036
2050
2034
2062
2032
2060
2030
2032
2028
2030
2026
2028
2024
2033
2022
2031
2020
2022
2018
2020
2016
2018
2014
2023
2012
2021
2010
2012
2008
2010
2006
2008
2004
2018
2002
2016
2000
2028
1998
2026
1996
1998
1994
1996
1992
1994
1990
1999
1988
1997
1986
1988
1984
1986
1982
1984
1980
1989
1978
1987
1976
1978
1974
1976
1972
1974
1970
1984
1968
1982
1966
1994
1964
1992
1962
1964
1960
1962
1958
1960
1956
1965
1954
1963
1952
1954
1950
1952
1948
1950
1946
1955
1944
1953
1942
1944
1940
1942
1938
1940
1936
1950
1934
1948
1932
1960
1930
1958
1928
1930
1926
1928
1924
1926
1922
1931
1920
1929
1918
1920
1916
1918
1914
1916
1912
1921
1910
1919
1908
1910
1906
1908
1904
1906
1902
1916
1900
1914
1898
1926
1896
1924
1894
1896
1892
1894
1890
1892
1888
1897
1886
1895
1884
1886
1882
1884
1880
1882
1878
1887
1876
1885
1874
1876
1872
1874
1870
1872
1868
1882
1866
1880
1864
1892
1862
1890
1860
1862
1858
1860
1856
1858
1854
1863
1852
1861
1850
1852
1848
1850
1846
1848
1844
1853
1842
1851
1840
1842
1838
1840
1836
1838
1834
1848
1832
1846
1830
1858
1828
1856
1826
1828
1824
1826
1822
1824
1820
1829
1818
1827
1816
1818
1814
1816
1812
1814
1810
1819
1808
1817
1806
1808
1804
1806
1802
1804
1800
1814
1798
1812
1796
1824
1794
1822
1792
1794
1790
1792
1788
1790
1786
1795
1784
1793
1782
1784
1780
1782
1778
1780
1776
1785
1774
1783
1772
1774
1770
1772
1768
1770
1766
1780
1764
1778
1762
1790
1760
1788
1758
1760
1756
1758
1754
1756
1752
1761
1750
1759
1748
1750
1746
1748
1744
1746
1742
1751
1740
1749
1738
1740
1736
1738
1734
1736
1732
1746
1730
1744
1728
1756
1726
1754
1724
1726
1722
1724
1720
1722
1718
1727
1716
1725
1714
1716
1712
1714
1710
1712
1708
1717
1706
1715
1704
1706
1702
1704
1700
1702
1698
1712
1696
1710
1694
1722
1692
1720
1690
1692
1688
1690
1686
1688
1684
1693
1682
1691
1680
1682
1678
1680
1676
1678
1674
1683
1672
1681
1670
1672
1668
1670
1666
1668
1664
1678
1662
1676
1660
1688
1658
1686
1656
1658
1654
1656
1652
1654
1650
1659
1648
1657
1646
1648
1644
1646
1642
1644
1640
1649
1638
1647
1636
1638
1634
1636
1632
1634
1630
1644
1628
1642
1626
1654
1624
1652
1622
1624
1620
1622
1618
1620
1616
1625
1614
1623
1612
1614
1610
1612
1608
1610
1606
1615
1604
1613
1602
1604
1600
1602
1598
1600
1596
1610
1594
1608
1592
1620
1590
1618
1588
1590
1586
1588
1584
1586
1582
1591
1580
1589
1578
1580
1576
1578
1574
1576
1572
1581
1570
1579
1568
1570
1566
1568
1564
1566
1562
1576
1560
1574
1558
1586
1556
1584
1554
1556
1552
1554
1550
1552
1548
1557
1546
1555
1544
1546
1542
1544
1540
1542
1538
1547
1536
1545
1534
1536
1532
1534
1530
1532
1528
1542
1526
1540
1524
1552
1522
1550
1520
1522
1518
1520
1516
1518
1514
1523
1512
1521
1510
1512
1508
1510
1506
1508
1504
1513
1502
1511
1500
1502
1498
1500
1496
1498
1494
1508
1492
1506
1490
1518
1488
1516
1486
1488
1484
1486
1482
1484
1480
1489
1478
1487
1476
1478
1474
1476
1472
1474
1470
1479
1468
1477
1466
1468
1464
1466
1462
1464
1460
1474
1458
1472
1456
1484
1454
1482
1452
1454
1450
1452
1448
1450
1446
1455
1444
1453
1442
1444
1440
1442
1438
1440
1436
1445
1434
1443
1432
1434
1430
1432
1428
1430
1426
1440
1424
1438
1422
1450
1420
1448
1418
1420
1416
1418
1414
1416
1412
1421
1410
1419
1408
1410
1406
1408
1404
1406
1402
1411
1400
1409
1398
1400
1396
1398
1394
1396
1392
1406
1390
1404
1388
1416
1386
1414
1384
1386
1382
1384
1380
1382
1378
1387
1376
1385
1374
1376
1372
1374
1370
1372
1368
1377
1366
1375
1364
1366
1362
1364
1360
1362
1358
1372
1356
1370
1354
1382
1352
1380
1350
1352
1348
1350
1346
1348
1344
1353
1342
1351
1340
1342
1338
1340
1336
1338
1334
1343
1332
1341
1330
1332
1328
1330
1326
1328
1324
1338
1322
1336
1320
1348
1318
1346
1316
1318
1314
1316
1312
1314
1310
1319
1308
1317
1306
1308
1304
1306
1302
1304
1300
1309
1298
1307
1296
1298
1294
1296
1292
1294
1290
1304
1288
1302
1286
1314
1284
1312
1282
1284
1280
1282
1278
1280
1276
1285
1274
1283
1272
1274
1270
1272
1268
1270
1266
1275
1264
1273
1262
1264
1260
1262
1258
1260
1256
1270
1254
1268
1252
1280
1250
1278
1248
1250
1246
1248
1244
1246
1242
1251
1240
1249
1238
1240
1236
1238
1234
1236
1232
1241
1230
1239
1228
1230
1226
1228
1224
1226
1222
1236
1220
1234
1218
1246
1216
1244
1214
1216
1212
1214
1210
1212
1208
1217
1206
1215
1204
1206
1202
1204
1200
1202
1198
1207
1196
1205
1194
1196
1192
1194
1190
1192
1188
1202
1186
1200
1184
1212
1182
1210
1180
1182
1178
1180
1176
1178
1174
1183
1172
1181
1170
1172
1168
1170
1166
1168
1164
1173
1162
1171
1160
1162
1158
1160
1156
1158
1154
1168
1152
1166
1150
1178
1148
1176
1146
1148
1144
1146
1142
1144
1140
1149
1138
1147
1136
1138
1134
1136
1132
1134
1130
1139
1128
1137
1126
1128
1124
1126
1122
1124
1120
1134
1118
1132
1116
1144
1114
1142
1112
1114
1110
1112
1108
1110
1106
1115
1104
1113
1102
1104
1100
1102
1098
1100
1096
1105
1094
1103
1092
1094
1090
1092
1088
1090
1086
1100
1084
1098
1082
1110
1080
1108
1078
1080
1076
1078
1074
1076
1072
1081
1070
1079
1068
1070
1066
1068
1064
1066
1062
1071
1060
1069
1058
1060
1056
1058
1054
1056
1052
1066
1050
1064
1048
1076
1046
1074
1044
1046
1042
1044
1040
1042
1038
1047
1036
1045
1034
1036
1032
1034
1030
1032
1028
1037
1026
1035
1024
1026
1022
1024
1020
1022
1018
1032
1016
1030
1014
1042
1012
1040
1010
1012
1008
1010
1006
1008
1004
1013
1002
1011
1000
1002
998
1000
996
998
994
1003
992
1001
990
992
988
990
986
988
984
998
982
996
980
1008
978
1006
976
978
974
976
972
974
970
979
968
977
966
968
964
966
962
964
960
969
958
967
956
958
954
956
952
954
950
964
948
962
946
974
944
972
942
944
940
942
938
940
936
945
934
943
932
934
930
932
928
930
926
935
924
933
922
924
920
922
918
920
916
930
914
928
912
940
910
938
908
910
906
908
904
906
902
911
900
909
898
900
896
898
894
896
892
901
890
899
888
890
886
888
884
886
882
896
880
894
878
906
876
904
874
876
872
874
870
872
868
877
866
875
864
866
862
864
860
862
858
867
856
865
854
856
852
854
850
852
848
862
846
860
844
872
842
870
840
842
838
840
836
838
834
843
832
841
830
832
828
830
826
828
824
833
822
831
820
822
818
820
816
818
814
828
812
826
810
838
808
836
806
808
804
806
802
804
800
809
798
807
796
798
794
796
792
794
790
799
788
797
786
788
784
786
782
784
780
794
778
792
776
804
774
802
772
774
770
772
768
770
766
775
764
773
762
764
760
762
758
760
756
765
754
763
752
754
750
752
748
750
746
760
744
758
742
770
740
768
738
740
736
738
734
736
732
741
730
739
728
730
726
728
724
726
722
731
720
729
718
720
716
718
714
716
712
726
710
724
708
736
706
734
704
706
702
704
700
702
698
707
696
705
694
696
692
694
690
692
688
697
686
695
684
686
682
684
680
682
678
692
676
690
674
702
672
700
670
672
668
670
666
668
664
673
662
671
660
662
658
660
656
658
654
663
652
661
650
652
648
650
646
648
644
658
642
656
640
668
638
666
636
638
634
636
632
634
630
639
628
637
626
628
624
626
622
624
620
629
618
627
616
618
614
616
612
614
610
624
608
622
606
634
604
632
602
604
600
602
598
600
596
605
594
603
592
594
590
592
588
590
586
595
584
593
582
584
580
582
578
580
576
590
574
588
572
600
570
598
568
570
566
568
564
566
562
571
560
569
558
560
556
558
554
556
552
561
550
559
548
550
546
548
544
546
542
556
540
554
538
566
536
564
534
536
532
534
530
532
528
537
526
535
524
526
522
524
520
522
518
527
516
525
514
516
512
514
510
512
508
522
506
520
504
532
502
530
500
502
498
500
496
498
494
503
492
501
490
492
488
490
486
488
484
493
482
491
480
482
478
480
476
478
474
488
472
486
470
498
468
496
466
468
464
466
462
464
460
469
458
467
456
458
454
456
452
454
450
459
448
457
446
448
444
446
442
444
440
454
438
452
436
464
434
462
432
434
430
432
428
430
426
435
424
433
422
424
420
422
418
420
416
425
414
423
412
414
410
412
408
410
406
420
404
418
402
430
400
428
398
400
396
398
394
396
392
401
390
399
388
390
386
388
384
386
382
391
380
389
378
380
376
378
374
376
372
386
370
384
368
396
366
394
364
366
362
364
360
362
358
367
356
365
354
356
352
354
350
352
348
357
346
355
344
346
342
344
340
342
338
352
336
350
334
362
332
360
330
332
328
330
326
328
324
333
322
331
320
322
318
320
316
318
314
323
312
321
310
312
308
310
306
308
304
318
302
316
300
328
298
326
296
298
294
296
292
294
290
299
288
297
286
288
284
286
282
284
280
289
278
287
276
278
274
276
272
274
270
284
268
282
266
294
264
292
262
264
260
262
258
260
256
265
254
263
252
254
250
252
248
250
246
255
244
253
242
244
240
242
238
240
236
250
234
248
232
260
230
258
228
230
226
228
224
226
222
231
220
229
218
220
216
218
214
216
212
221
210
219
208
210
206
208
204
206
202
216
200
214
198
226
196
224
194
196
192
194
190
192
188
197
186
195
184
186
182
184
180
182
178
187
176
185
174
176
172
174
170
172
168
182
166
180
164
192
162
190
160
162
158
160
156
158
154
163
152
161
150
152
148
150
146
148
144
153
142
151
140
142
138
140
136
138
134
148
132
146
130
158
128
156
126
128
124
126
122
124
120
129
118
127
116
118
114
116
112
114
110
119
108
117
106
108
104
106
102
104
100
114
98
112
96
129
94
139
92
137
90
92
88
90
86
88
84
93
82
132
80
82
78
81
377
75
375
73
374
1134
70
1132
68
70
66
68
64
66
62
71
60
74
58
60
56
59
1153
53
1151
51
53
49
51
47
49
45
73
43
52
41
43
39
41
37
39
35
44
33
42
31
33
29
31
27
29
25
39
23
37
21
54
19
64
17
62
15
17
13
15
11
13
9
18
7
57
5
7
3
6
