Filename: dup1K.dat

Sorted Data
1
1
1
8
8
12
34
291
129
560
975
997
73
929
138
421
668
904
643
819
630
106
323
39
147
115
541
102
115
44
44
61
61
537
967
526
898
811
524
771
137
137
307
776
770
950
471
307
400
798
558
49
49
885
224
224
567
313
40
40
113
113
219
256
454
456
756
646
412
646
94
94
94
167
141
123
123
315
374
669
769
596
624
179
596
624
116
116
69
69
601
662
864
528
528
32
32
444
128
444
703
42
42
945
491
15
15
15
32
912
176
814
343
38
658
578
315
310
34
34
38
69
813
85
817
782
946
568
941
710
577
577
657
691
306
306
306
882
850
493
4
4
4
71
751
335
513
809
122
507
181
96
76
76
257
613
10
10
10
319
681
28
149
443
505
588
229
229
154
19
19
19
27
27
27
43
591
146
902
550
139
299
247
461
896
839
151
308
413
333
684
818
149
151
774
72
72
834
856
133
133
133
949
187
22
187
527
868
869
1000
759
209
142
142
895
171
218
83
171
3
3
3
3
485
453
155
552
376
620
852
693
676
274
676
931
144
144
82
62
62
499
499
761
679
6
6
6
156
261
937
596
506
21
9
9
9
21
62
124
781
372
222
646
386
198
516
244
739
287
383
392
714
929
957
447
751
329
482
217
215
685
186
837
221
294
844
367
403
312
986
458
660
451
611
664
440
124
55
55
55
78
363
87
726
958
80
656
564
262
279
988
59
59
59
79
553
854
197
436
387
289
331
694
865
572
747
965
249
926
688
806
533
927
290
659
888
511
718
258
79
79
342
274
299
125
792
730
121
56
730
45
45
45
522
364
334
210
504
50
50
50
66
548
301
952
384
185
185
433
846
767
264
377
922
243
243
744
98
98
738
779
467
738
271
467
1
1
1
1
928
509
940
16
16
16
16
539
78
866
525
587
304
639
570
921
813
349
120
188
111
576
14
14
16
111
595
599
214
595
13
13
13
13
13
417
829
309
401
779
52
52
892
575
169
687
647
455
133
741
936
430
264
54
54
238
235
235
254
254
982
411
411
810
469
63
63
63
786
745
191
734
846
88
88
899
671
248
248
641
709
285
285
268
268
270
270
311
86
86
192
192
916
890
768
857
890
70
70
826
695
541
826
208
541
200
208
92
92
150
785
45
45
92
150
876
233
347
41
41
41
41
41
771
782
883
55
55
168
573
103
944
874
211
438
570
385
697
913
165
132
165
2
2
2
2
2
25
25
666
651
404
518
90
229
180
71
113
394
416
594
512
642
783
789
628
833
231
416
416
464
708
894
164
164
558
135
135
688
981
731
144
144
951
147
61
147
28
20
20
20
31
193
607
556
293
466
495
509
490
405
284
284
330
8
8
8
626
365
963
215
215
288
288
717
722
900
434
434
924
237
237
653
170
143
143
143
897
736
408
934
450
450
799
630
603
630
158
158
527
11
11
578
508
6
6
6
6
11
64
875
605
353
831
824
184
764
909
853
893
980
726
64
64
375
109
555
935
816
236
755
67
67
655
914
112
112
127
127
250
116
116
127
797
298
260
797
47
47
47
47
47
617
328
823
953
76
964
255
445
974
968
830
246
246
971
321
101
321
100
100
100
716
956
163
163
521
379
183
482
194
227
733
105
105
203
474
479
999
397
479
43
43
43
130
130
604
297
654
225
239
404
673
222
340
851
511
870
270
487
5
5
5
5
5
701
621
606
959
867
296
494
33
682
719
327
881
905
104
104
118
366
24
24
24
338
531
677
35
35
35
35
808
407
252
823
267
672
948
739
637
219
25
25
25
33
704
440
497
81
707
285
777
517
370
370
585
490
282
490
792
18
18
18
36
36
799
341
152
979
552
130
130
152
446
354
766
295
354
126
126
172
721
239
341
992
155
172
535
74
74
74
841
107
107
204
532
220
969
316
692
160
160
160
502
414
313
649
629
840
362
362
600
31
31
31
523
140
159
228
281
350
387
561
699
678
794
584
203
489
584
60
60
93
66
66
66
91
836
741
431
213
666
343
110
203
432
17
17
48
842
301
683
880
463
788
976
435
240
396
465
226
360
373
762
827
965
885
713
96
812
473
763
803
425
984
860
460
283
320
614
420
153
393
795
51
48
48
48
72
551
303
638
437
439
796
883
973
932
177
359
201
336
574
729
547
380
72
72
977
835
960
607
457
326
325
325
791
565
65
65
65
631
593
503
402
862
357
357
414
775
712
498
503
712
37
37
37
448
623
990
978
954
339
574
855
858
245
245
181
633
212
212
361
500
581
773
557
720
175
983
