Filename: rev2K.dat

Sorted Data
1
2
6
7
19
20
59
62
65
180
181
183
186
195
909
911
1985
1984
1983
1982
1981
1980
1979
1978
1977
1976
1975
1974
1973
1972
1971
1970
1969
1968
1967
1966
1965
1964
1963
1962
1963
1960
1961
1958
1959
1956
1957
1954
1955
1952
1953
1950
1951
1948
1949
1946
1947
1944
1945
1942
1943
1940
1941
1938
1939
1936
1937
1934
1935
1932
1933
1930
1931
1928
1934
1926
1927
1924
1925
1922
1923
1920
1926
1918
1919
1916
1917
1914
1916
1919
1911
1917
1909
1910
1907
1908
1905
1911
1903
1909
1901
1902
1899
1900
1897
1903
1895
1901
1893
1894
1891
1892
1889
1895
1887
1893
1885
1886
1883
1884
1881
1887
1879
1885
1877
1878
1875
1876
1873
1879
1871
1877
1869
1870
1867
1868
1865
1871
1863
1869
1861
1862
1859
1860
1857
1863
1855
1861
1853
1854
1851
1852
1849
1855
1847
1847
1845
1844
1845
1842
1852
1840
1850
1838
1840
1857
1835
1855
1833
1834
1831
1832
1829
1835
1827
1833
1825
1826
1823
1824
1821
1826
1819
1818
1819
1816
1817
1814
1814
1812
1811
1831
1809
1829
1807
1808
1805
1806
1803
1809
1801
1807
1799
1800
1797
1798
1795
1800
1793
1792
1793
1790
1791
1788
1788
1786
1785
1805
1783
1803
1781
1782
1779
1780
1777
1783
1775
1781
1773
1774
1771
1772
1769
1774
1767
1766
1767
1764
1765
1762
1762
1760
1759
1779
1757
1777
1755
1756
1753
1754
1751
1757
1749
1755
1747
1748
1745
1746
1743
1748
1741
1740
1741
1738
1739
1736
1736
1734
1733
1753
1731
1751
1729
1730
1727
1728
1725
1731
1723
1729
1721
1722
1719
1720
1717
1722
1715
1714
1715
1712
1713
1710
1710
1708
1707
1727
1705
1725
1703
1704
1701
1702
1699
1705
1697
1703
1695
1696
1693
1694
1691
1696
1689
1688
1689
1686
1687
1684
1684
1682
1681
1701
1679
1699
1677
1678
1675
1676
1673
1679
1671
1677
1669
1670
1667
1668
1665
1670
1663
1662
1663
1660
1661
1658
1658
1656
1655
1676
1678
1652
1653
1650
1683
1648
1648
1646
1645
1645
1643
1642
1642
1640
1639
1640
1637
1698
1635
1635
1633
1632
1632
1630
1629
1635
1627
1627
1625
1624
1624
1622
1621
1627
1619
1619
1617
1616
1616
1614
1613
1623
1611
1631
1609
1609
1607
1606
1606
1604
1603
1609
1601
1601
1599
1598
1598
1596
1595
1601
1593
1593
1591
1590
1590
1588
1587
1597
1585
1605
1583
1583
1581
1580
1580
1578
1577
1583
1575
1575
1573
1572
1572
1570
1569
1575
1567
1567
1565
1564
1564
1562
1561
1571
1559
1596
1557
1618
1555
1555
1553
1552
1552
1550
1549
1555
1547
1547
1545
1544
1544
1542
1541
1547
1539
1539
1537
1536
1536
1534
1533
1543
1531
1551
1529
1529
1527
1526
1526
1524
1523
1529
1521
1521
1519
1518
1518
1516
1515
1521
1513
1513
1511
1510
1510
1508
1507
1517
1505
1525
1503
1503
1501
1500
1500
1498
1497
1503
1495
1495
1493
1492
1492
1490
1489
1495
1487
1487
1485
1484
1484
1482
1481
1491
1479
1516
1477
1538
1475
1475
1473
1472
1472
1470
1469
1475
1467
1467
1465
1464
1464
1462
1461
1467
1459
1459
1457
1456
1456
1454
1453
1463
1451
1471
1449
1449
1447
1446
1446
1444
1443
1449
1441
1441
1439
1438
1438
1436
1435
1441
1433
1433
1431
1430
1430
1428
1427
1437
1425
1445
1423
1423
1421
1420
1420
1418
1417
1423
1415
1415
1413
1412
1412
1410
1409
1415
1407
1407
1405
1404
1404
1402
1401
1411
1399
1436
1397
1458
1395
1395
1393
1392
1392
1390
1389
1395
1387
1387
1385
1384
1384
1382
1381
1387
1379
1379
1377
1376
1376
1374
1373
1383
1371
1391
1369
1369
1367
1366
1366
1364
1363
1369
1361
1361
1359
1358
1358
1356
1355
1361
1353
1353
1351
1350
1350
1348
1347
1357
1345
1365
1343
1343
1341
1340
1340
1338
1337
1343
1335
1335
1333
1332
1332
1330
1329
1335
1327
1327
1325
1324
1324
1322
1321
1331
1319
1356
1317
1395
1315
1317
1415
1312
1413
1310
1311
1308
1309
1306
1312
1304
1310
1302
1303
1300
1301
1298
1304
1296
1302
1294
1295
1292
1293
1290
1300
1288
1313
1401
1285
1399
1283
1284
1281
1282
1279
1286
1315
1276
1277
1274
1457
1272
1455
1270
1271
1268
1269
1266
1272
1264
1270
1262
1263
1260
1261
1258
1264
1256
1262
1254
1255
1252
1253
1250
1260
1248
1268
1246
1266
1244
1245
1242
1243
1240
1246
1238
1244
1236
1237
1234
1235
1232
1238
1230
1236
1228
1229
1226
1227
1224
1234
1222
1242
1220
1240
1218
1219
1216
1217
1214
1220
1212
1218
1210
1211
1208
1209
1206
1212
1204
1210
1202
1203
1200
1201
1198
1208
1196
1233
1194
1255
1192
1253
1190
1191
1188
1189
1186
1192
1184
1190
1182
1183
1180
1181
1178
1184
1176
1182
1174
1175
1172
1173
1170
1180
1168
1188
1166
1186
1164
1165
1162
1163
1160
1166
1158
1164
1156
1157
1154
1155
1152
1158
1150
1156
1148
1149
1146
1147
1144
1154
1142
1162
1140
1160
1138
1139
1136
1137
1134
1140
1132
1138
1130
1131
1128
1129
1126
1132
1124
1130
1122
1123
1120
1121
1118
1128
1116
1153
1114
1175
1112
1173
1110
1111
1108
1109
1106
1112
1104
1110
1102
1103
1100
1101
1098
1104
1096
1102
1094
1095
1092
1093
1090
1100
1088
1108
1086
1106
1084
1085
1082
1083
1080
1086
1078
1084
1076
1077
1074
1075
1072
1078
1070
1076
1068
1069
1066
1067
1064
1074
1062
1082
1060
1080
1058
1059
1056
1057
1054
1060
1052
1058
1050
1051
1048
1049
1046
1052
1044
1050
1042
1043
1040
1041
1038
1048
1036
1073
1034
1152
1032
1272
1030
1334
1028
1332
1026
1027
1024
1025
1022
1028
1020
1026
1018
1019
1016
1017
1014
1020
1012
1018
1010
1011
1008
1009
1006
1016
1004
1024
1002
1022
1000
1001
998
999
996
1002
994
1000
992
993
990
991
988
994
986
992
984
985
982
983
980
990
978
998
976
996
974
975
972
973
970
976
968
974
966
967
964
965
962
968
960
966
958
959
956
957
954
964
952
989
950
1029
1293
947
1291
945
946
943
944
941
947
939
945
937
938
935
936
933
939
931
937
929
930
927
928
925
935
923
948
1279
920
1277
918
919
916
917
914
921
1274
911
912
909
1457
907
1455
905
906
903
904
901
907
899
905
897
898
895
896
893
899
891
897
889
890
887
888
885
895
883
903
881
901
879
880
877
878
875
881
873
879
871
872
869
870
867
873
865
871
863
864
861
862
859
869
857
877
855
875
853
854
851
852
849
855
847
853
845
846
843
844
841
847
839
845
837
838
835
836
833
843
831
868
829
890
827
888
825
826
823
824
821
827
819
825
817
818
815
816
813
819
811
817
809
810
807
808
805
815
803
823
801
821
799
800
797
798
795
801
793
799
791
792
789
790
787
793
785
791
783
784
781
782
779
789
777
797
775
795
773
774
771
772
769
775
767
773
765
766
763
764
761
767
759
765
757
758
755
756
753
763
751
788
749
810
747
808
745
746
743
744
741
747
739
745
737
738
735
736
733
739
731
737
729
730
727
728
725
735
723
743
721
741
719
720
717
718
715
721
713
719
711
712
709
710
707
713
705
711
703
704
701
702
699
709
697
717
695
715
693
694
691
692
689
695
687
693
685
686
683
684
681
687
679
685
677
678
675
676
673
683
671
708
669
787
667
850
665
848
663
664
661
662
659
665
657
663
655
656
653
654
651
657
649
655
647
648
645
646
643
653
641
661
639
659
637
638
635
636
633
639
631
637
629
630
627
628
625
631
623
629
621
622
619
620
617
627
615
635
613
633
611
612
609
610
607
613
605
611
603
604
601
602
599
605
597
603
595
596
593
594
591
601
589
626
587
648
585
646
583
584
581
582
579
585
577
583
575
576
573
574
571
577
569
575
567
568
565
566
563
573
561
581
559
579
557
558
555
556
553
559
551
557
549
550
547
548
545
551
543
549
541
542
539
540
537
547
535
555
533
553
531
532
529
530
527
533
525
531
523
524
521
522
519
525
517
523
515
516
513
514
511
521
509
546
507
568
505
566
503
504
501
502
499
505
497
503
495
496
493
494
491
497
489
495
487
488
485
486
483
493
481
501
479
499
477
478
475
476
473
479
471
477
469
470
467
468
465
471
463
469
461
462
459
460
457
467
455
475
453
473
451
452
449
450
447
453
445
451
443
444
441
442
439
445
437
443
435
436
433
434
431
441
429
466
427
545
425
608
423
606
421
422
419
420
417
423
415
421
413
414
411
412
409
415
407
413
405
406
403
404
401
411
399
419
397
417
395
396
393
394
391
397
389
395
387
388
385
386
383
389
381
387
379
380
377
378
375
385
373
393
371
391
369
370
367
368
365
371
363
369
361
362
359
360
357
363
355
361
353
354
351
352
349
359
347
384
345
406
343
404
341
342
339
340
337
343
335
341
333
334
331
332
329
335
327
333
325
326
323
324
321
331
319
339
317
337
315
316
313
314
311
317
309
315
307
308
305
306
303
309
301
307
299
300
297
298
295
305
293
313
291
311
289
290
287
288
285
291
283
289
281
282
279
280
277
283
275
281
273
274
271
272
269
279
267
304
265
326
263
324
261
262
259
260
257
263
255
261
253
254
251
252
249
255
247
253
245
246
243
244
241
251
239
259
237
257
235
236
233
234
231
237
229
235
227
228
225
226
223
229
221
227
219
220
217
218
215
225
213
233
211
231
209
210
207
208
205
211
203
209
201
202
199
200
197
203
195
201
193
194
191
192
189
199
187
224
185
303
183
544
181
1094
1096
178
179
176
1101
174
1099
172
173
170
171
168
175
177
165
166
163
1115
161
1113
159
160
157
158
155
161
153
159
151
152
149
150
147
153
145
151
143
144
141
142
139
149
137
162
169
134
167
132
133
130
131
128
135
164
125
126
123
1156
121
1154
119
120
117
118
115
121
113
119
111
112
109
110
107
113
105
111
103
104
101
102
99
109
97
117
95
115
93
94
91
92
89
95
87
93
85
86
83
84
81
87
79
85
77
78
75
76
73
83
71
91
69
89
67
68
65
66
63
69
61
67
59
60
57
58
55
61
53
59
51
52
49
50
47
57
45
82
43
122
143
40
141
38
39
36
37
34
40
32
38
30
31
28
29
26
32
24
30
22
23
20
21
18
28
16
41
129
13
127
11
12
9
10
7
14
124
4
5
2
