Filename: dup500.dat

Sorted Data
1
1
2
2
4
13
14
37
105
96
86
96
104
70
70
144
144
427
164
240
427
41
41
15
15
34
206
436
133
39
39
92
285
156
156
184
346
32
32
214
214
274
278
203
203
425
383
122
158
383
45
45
109
109
191
44
44
116
36
36
56
456
445
321
499
131
467
124
131
29
29
72
323
458
266
72
290
283
283
414
408
414
107
107
22
22
261
464
387
387
102
250
6
6
348
356
85
85
325
78
47
47
4
4
14
375
252
69
299
51
51
56
56
69
87
106
400
355
423
243
243
403
384
20
20
87
123
279
197
391
395
194
194
376
50
50
143
412
13
13
115
203
357
106
143
353
321
218
218
188
188
301
319
129
129
438
390
115
115
301
45
45
91
94
359
249
354
259
351
6
6
27
177
382
88
11
11
110
413
72
72
426
215
83
83
83
119
424
162
408
434
474
326
326
488
21
21
24
209
475
255
193
231
18
18
19
363
239
229
245
71
71
455
169
221
2
2
9
10
17
160
402
181
296
196
365
449
147
183
202
186
200
200
306
201
168
168
171
204
342
254
254
387
262
65
65
252
28
28
138
454
462
237
237
226
274
119
226
34
34
125
417
310
313
116
116
120
470
55
55
425
19
19
21
461
453
213
149
165
121
121
187
187
222
414
460
297
414
460
288
288
31
31
49
136
284
338
99
195
447
98
98
27
27
48
154
303
498
268
459
217
217
379
33
33
37
112
179
463
273
128
128
176
369
1
1
3
389
153
112
228
228
420
366
54
54
440
111
111
43
43
55
292
393
433
59
482
142
236
270
175
140
448
172
127
55
372
239
185
108
108
407
334
16
16
82
256
234
9
305
215
82
215
150
8
8
130
93
10
10
95
469
293
244
293
28
28
352
152
208
352
52
52
76
96
320
76
76
130
207
247
73
73
192
212
457
58
58
5
5
58
430
484
250
141
141
294
398
473
335
380
399
3
3
25
25
312
53
100
312
42
42
285
495
14
14
451
500
17
17
21
280
80
444
61
380
275
165
67
21
132
435
347
135
132
392
263
263
343
62
269
225
225
118
49
49
151
151
260
419
411
137
137
139
170
339
155
170
103
155
84
84
155
471
291
281
291
340
155
327
340
64
155
432
444
442
478
496
12
442
