Filename: rev500-1.dat

Sorted Data
1
21
31
61
61
496
495
494
493
492
491
490
489
488
487
486
485
484
483
482
481
480
479
478
477
476
475
474
473
472
471
470
469
468
467
466
465
464
463
462
461
460
459
458
457
456
455
454
453
452
459
450
457
448
455
446
453
444
451
442
449
440
447
438
445
436
443
434
441
432
439
430
437
428
435
426
433
424
431
422
429
420
427
418
425
416
423
414
421
412
419
410
417
408
415
406
413
404
411
402
409
400
407
398
405
396
403
394
401
392
409
390
407
388
405
386
403
384
401
382
389
380
387
378
385
376
383
374
381
372
389
370
387
368
385
366
383
364
381
362
369
360
367
358
365
356
363
354
361
352
369
350
367
348
365
346
363
344
361
342
349
340
347
338
345
336
343
334
341
332
349
330
347
328
345
326
343
324
341
322
329
320
327
318
325
316
323
314
321
312
329
310
327
308
325
306
323
304
321
302
309
300
307
298
305
296
303
294
301
292
309
290
307
288
305
286
303
284
301
282
289
280
287
278
285
276
283
274
281
272
289
270
287
268
285
266
283
264
281
262
269
260
267
258
265
256
263
254
261
252
269
250
267
248
265
246
263
244
261
242
249
240
247
238
245
236
243
234
241
232
249
230
247
228
245
226
243
224
241
222
229
220
227
218
225
216
223
214
221
212
229
210
227
208
225
206
223
204
221
202
209
200
207
198
205
196
203
194
201
192
209
190
207
188
205
186
203
184
201
182
189
180
187
178
185
176
183
174
181
172
189
170
187
168
185
166
183
164
181
162
169
160
167
158
165
156
163
154
161
152
169
150
167
148
165
146
163
144
161
142
149
140
147
138
145
136
143
134
141
132
149
130
147
128
145
126
143
124
141
122
129
120
127
118
125
116
123
114
121
112
129
110
127
108
125
106
123
104
121
102
109
100
107
98
105
96
103
94
101
92
109
90
107
88
105
86
103
84
101
82
89
80
87
78
85
76
83
74
81
72
89
70
87
68
85
66
83
64
81
62
69
60
67
58
65
56
63
54
61
52
69
50
67
48
65
46
63
44
61
42
49
40
47
38
45
36
43
34
41
32
49
30
47
28
45
26
43
24
41
22
29
20
27
18
25
16
23
14
21
12
39
10
37
8
35
6
33
4
31
2
