Filename: rev1K.dat

Sorted Data
1
51
999
998
997
996
995
994
993
992
994
990
992
988
990
986
988
984
986
982
984
980
982
978
980
976
978
974
976
972
974
970
972
968
970
966
968
964
966
962
964
960
962
958
960
956
958
954
956
952
969
950
967
948
950
946
948
944
946
942
959
940
957
938
940
936
938
934
936
932
949
930
947
928
930
926
928
924
926
922
939
920
937
918
920
916
918
914
916
912
929
910
927
908
910
906
908
904
906
902
919
900
917
898
900
896
898
894
896
892
909
890
907
888
890
886
888
884
886
882
899
880
897
878
880
876
878
874
876
872
889
870
887
868
870
866
868
864
866
862
879
860
877
858
860
856
858
854
856
852
869
850
867
848
850
846
848
844
846
842
859
840
857
838
840
836
838
834
836
832
849
830
847
828
830
826
828
824
826
822
839
820
837
818
820
816
818
814
816
812
829
810
827
808
810
806
808
804
806
802
819
800
817
798
800
796
798
794
796
792
809
790
807
788
790
786
788
784
786
782
799
780
797
778
780
776
778
774
776
772
789
770
787
768
770
766
768
764
766
762
779
760
777
758
760
756
758
754
756
752
769
750
767
748
750
746
748
744
746
742
759
740
757
738
740
736
738
734
736
732
749
730
747
728
730
726
728
724
726
722
739
720
737
718
720
716
718
714
716
712
729
710
727
708
710
706
708
704
706
702
719
700
717
698
700
696
698
694
696
692
709
690
707
688
690
686
688
684
686
682
699
680
697
678
680
676
678
674
676
672
689
670
687
668
670
666
668
664
666
662
679
660
677
658
660
656
658
654
656
652
669
650
667
648
650
646
648
644
646
642
659
640
657
638
640
636
638
634
636
632
649
630
647
628
630
626
628
624
626
622
639
620
637
618
620
616
618
614
616
612
629
610
627
608
610
606
608
604
606
602
619
600
617
598
600
596
598
594
596
592
609
590
607
588
590
586
588
584
586
582
599
580
597
578
580
576
578
574
576
572
589
570
587
568
570
566
568
564
566
562
579
560
577
558
560
556
558
554
556
552
569
550
567
548
550
546
548
544
546
542
559
540
557
538
540
536
538
534
536
532
549
530
547
528
530
526
528
524
526
522
539
520
537
518
520
516
518
514
516
512
529
510
527
508
510
506
508
504
506
502
519
500
517
498
500
496
498
494
496
492
509
490
507
488
490
486
488
484
486
482
499
480
497
478
480
476
478
474
476
472
489
470
487
468
470
466
468
464
466
462
479
460
477
458
460
456
458
454
456
452
469
450
467
448
450
446
448
444
446
442
459
440
457
438
440
436
438
434
436
432
449
430
447
428
430
426
428
424
426
422
439
420
437
418
420
416
418
414
416
412
429
410
427
408
410
406
408
404
406
402
419
400
417
398
400
396
398
394
396
392
409
390
407
388
390
386
388
384
386
382
399
380
397
378
380
376
378
374
376
372
389
370
387
368
370
366
368
364
366
362
379
360
377
358
360
356
358
354
356
352
369
350
367
348
350
346
348
344
346
342
359
340
357
338
340
336
338
334
336
332
349
330
347
328
330
326
328
324
326
322
339
320
337
318
320
316
318
314
316
312
329
310
327
308
310
306
308
304
306
302
319
300
317
298
300
296
298
294
296
292
309
290
307
288
290
286
288
284
286
282
299
280
297
278
280
276
278
274
276
272
289
270
287
268
270
266
268
264
266
262
279
260
277
258
260
256
258
254
256
252
269
250
267
248
250
246
248
244
246
242
259
240
257
238
240
236
238
234
236
232
249
230
247
228
230
226
228
224
226
222
239
220
237
218
220
216
218
214
216
212
229
210
227
208
210
206
208
204
206
202
219
200
217
198
200
196
198
194
196
192
209
190
207
188
190
186
188
184
186
182
199
180
197
178
180
176
178
174
176
172
189
170
187
168
170
166
168
164
166
162
179
160
177
158
160
156
158
154
156
152
169
150
167
148
150
146
148
144
146
142
159
140
157
138
140
136
138
134
136
132
149
130
147
128
130
126
128
124
126
122
139
120
137
118
120
116
118
114
116
112
129
110
127
108
110
106
108
104
106
102
119
100
117
98
100
96
98
94
96
92
109
90
107
88
90
86
88
84
86
82
99
80
97
78
80
76
78
74
76
72
89
70
87
68
70
66
68
64
66
62
79
60
77
58
60
56
58
54
56
52
69
50
67
48
50
46
48
44
46
42
59
40
57
38
40
36
38
34
36
32
49
30
47
28
30
26
28
24
26
22
39
20
37
18
20
16
18
14
16
12
29
10
27
8
10
6
8
4
6
2
