Filename: ran500.dat

Sorted Data
54
54
104
268
268
7502
2080
1400
2946
8028
2189
5631
7156
1975
9898
2500
4306
7553
8609
8948
9781
3954
4322
1271
4577
2378
9861
6528
6042
2419
4549
7900
788
1353
1373
2457
9450
6140
9882
4773
7997
7442
3807
4799
5269
981
981
3472
1433
7795
7110
4462
7046
953
953
953
7403
5790
6379
7817
1879
3021
2828
6840
2929
2929
4184
3066
4445
5657
4879
6066
4158
1304
4184
357
357
1145
1145
1145
3504
5531
3584
5654
4756
1637
6152
1722
5547
2922
8722
8351
8449
8955
5948
5406
1682
2922
3414
2638
1067
1067
1914
4233
3518
8392
1373
1373
1773
4799
3802
5048
5028
3519
5256
1206
1206
1373
1773
5569
3441
8020
5910
2669
3441
5521
7889
8877
8900
681
681
9074
6441
1651
3013
1663
2852
3392
5363
363
2072
212
212
6215
5200
5460
1537
8234
333
259
3581
5897
204
204
9152
3748
7295
3958
9823
5973
1123
1537
7992
8707
7382
136
136
204
3620
2039
1831
763
1155
1591
7883
403
403
682
4026
2290
1828
6143
3319
6052
9641
3781
1844
3001
542
763
104
104
9580
6259
9556
6310
391
763
1463
1060
1929
839
268
268
391
542
8656
1489
1718
682
6510
7369
1024
1600
940
1217
246
1060
1974
279
940
1080
1217
3097
186
186
246
279
279
7629
8809
4996
8751
7348
2350
516
6055
8760
5040
6784
9894
6048
4964
5897
8955
446
8829
1082
5201
6048
99
99
99
1929
5079
7750
3544
6978
9128
6709
7058
4269
209
209
209
209
1943
6447
1280
2649
3360
7037
381
9536
7548
8744
6340
2435
6358
8505
2374
7210
3392
502
502
502
502
5275
4945
8551
3459
1238
2155
1155
3632
2040
4361
8283
5097
8195
4107
8706
7130
6435
5814
9532
4611
5211
3587
3258
88
88
88
1757
1594
5337
5782
3142
3418
1578
4366
2427
2015
7205
2202
1946
2427
7742
8306
2451
54
54
54
824
7049
2604
3515
5361
8691
3041
793
4543
3766
4647
8285
240
240
240
240
1293
2359
6002
6473
8398
8426
1569
2136
6241
4348
5688
898
898
7241
5108
7949
8834
1007
6604
5492
7284
4512
8414
7738
3855
8328
6272
6199
4403
2245
2459
3855
6229
728
1946
619
619
619
9730
6585
9573
3510
5769
6413
9572
9271
4351
5873
8506
4079
2936
4351
6498
8985
5946
3894
4079
1896
1265
1265
6929
9925
7260
9803
6688
7194
3775
845
1265
271
271
9863
3414
8435
1311
3812
7892
948
948
948
1545
8528
9536
3751
5141
1209
8691
8418
6516
9779
9673
5035
1439
1545
5294
8692
7344
7613
2998
5035
875
875
875
5970
5176
3027
9080
6746
7857
9261
7881
3656
5596
3804
7779
7490
6287
2471
8141
156
156
4476
4979
3257
2491
4470
3912
4476
8811
5031
2089
3257
1905
2471
3804
8596
8203
8376
9280
3552
9495
3388
3388
8549
4241
6547
2477
416
3945
6246
4225
