Filename: ran2K.dat

Sorted Data
1
212
14
36
1653
1
2
2
2
1362
284
699
1166
297
1973
6
8
9
9
42
531
776
1036
594
1018
1370
1021
646
534
232
685
1348
1265
1844
1821
1229
85
1383
914
1687
876
450
1568
692
304
1106
1163
417
274
450
692
141
112
231
274
1947
663
847
1332
57
57
57
61
1961
915
206
331
158
1897
1149
570
508
1556
1217
499
653
644
1233
494
1567
1068
1224
1022
356
383
283
283
1900
737
990
654
392
506
1425
1049
360
494
161
161
177
1543
1790
1157
741
505
1400
925
1967
1740
1607
1992
1822
1993
624
1532
1365
1251
696
177
848
1895
574
270
1380
398
131
131
131
502
1953
647
1466
374
405
1065
1566
1522
369
1261
1548
1883
1658
305
176
369
502
535
1548
1658
82
82
1038
1454
128
128
1266
464
1721
366
464
1211
1377
963
941
1288
243
243
1949
1422
580
169
169
243
377
479
1735
1218
434
1672
703
590
554
554
989
1885
1924
649
587
1107
739
989
1500
282
542
649
116
116
762
377
377
814
1846
1642
1661
794
557
754
794
1024
1004
1412
1165
83
83
1472
1514
588
828
132
227
557
588
1328
916
956
80
80
80
1486
209
1439
1791
264
1061
231
104
149
264
1629
808
1475
1773
840
1884
602
1450
1456
1560
735
862
151
602
76
76
1494
1904
1683
1487
1206
1329
277
470
602
15
15
655
975
197
831
353
1296
51
51
1512
973
1417
677
105
105
1667
168
168
358
1358
1026
1084
1461
1388
1815
1340
1933
555
185
185
358
1100
1093
702
1743
901
1376
384
1034
829
1093
191
191
191
1027
1001
818
607
879
233
233
338
1108
490
1141
1102
451
1304
487
408
1928
1694
1962
1271
1020
1807
1806
1453
722
1685
725
1271
469
1020
1806
255
408
725
1192
32
32
32
789
252
820
874
393
47
174
1361
72
119
119
576
643
1008
745
496
1427
1016
10
10
10
10
10
1355
1955
1072
718
827
362
613
492
1818
1138
929
190
899
372
1104
337
542
75
75
488
1324
1845
422
1907
308
261
1496
1622
1581
149
1718
548
1750
746
108
26
26
639
742
942
1227
1175
1179
386
596
639
742
77
77
1998
572
640
87
87
175
1316
1445
1155
1741
1525
1112
412
402
380
88
412
1095
70
70
70
315
1648
1066
736
1582
788
1956
1894
948
1110
1113
1922
437
437
562
476
562
1226
1242
1681
753
784
20
20
983
1405
1313
1908
891
1843
1246
42
75
1610
1426
1243
17
17
17
17
17
17
1490
932
461
1220
778
1805
1912
608
1390
1079
1738
751
48
830
1137
59
1564
1087
299
744
1378
988
1823
953
1542
240
1397
1338
1890
890
1140
1070
1586
18
18
18
45
1785
675
1659
172
1778
249
295
1677
1755
1039
642
91
1410
170
628
832
1809
1966
1531
1201
1064
706
401
1546
262
1941
987
596
1701
700
480
1851
1551
944
423
480
1618
1363
1936
183
183
959
468
1509
263
263
1879
1579
1505
838
838
994
1766
1394
931
994
1817
1684
1990
1406
993
1394
547
547
1939
796
1094
1105
964
1606
446
446
1042
1436
811
1444
859
1042
1732
1167
319
319
378
378
835
779
1278
1529
1830
1887
966
1437
71
71
375
1086
236
236
1601
1309
1920
954
1970
1154
1468
200
1183
1309
81
81
1510
1221
1911
1268
816
962
78
78
81
799
315
1446
394
1858
107
107
143
201
797
1771
1971
853
986
1705
1799
1352
1043
1099
1013
1652
1044
1054
1263
1123
1164
1122
597
338
955
1836
1381
1679
456
1734
714
517
1709
1931
871
902
1710
433
201
431
275
275
1264
1784
810
585
1760
1772
1449
627
810
898
1673
154
154
541
1511
347
1779
672
34
34
34
34
53
982
389
61
1593
1950
583
1482
972
787
935
1173
1792
659
207
1135
1019
1819
403
1503
1341
90
92
92
785
1516
1280
160
1872
439
998
192
1023
1357
257
1214
606
1230
1196
1081
1357
1776
22
22
22
1757
908
246
1584
1804
126
126
1168
198
302
1985
459
1158
1690
1625
667
605
819
329
329
883
793
1484
1160
1675
681
1986
995
1604
1614
951
1903
669
669
824
1344
1980
1537
815
1393
220
705
824
178
220
448
1724
892
1132
164
164
294
865
1411
1007
1269
1180
837
865
1989
1722
455
837
1301
1798
1248
29
29
69
564
1127
1473
1641
334
352
458
516
733
1334
219
195
1699
1199
1863
1014
359
111
560
698
1434
978
203
1730
525
1763
302
760
1523
758
1720
1968
1688
404
1513
981
1295
147
1145
1349
1028
721
1747
527
1952
1119
289
69
795
1033
1310
763
806
300
809
523
795
54
54
1005
1419
927
1319
509
382
834
905
1005
324
509
1373
1360
118
118
118
1031
693
1853
1433
526
1282
351
438
1161
298
298
1474
775
482
693
1572
1715
1825
738
45
45
129
1896
1800
691
1598
1202
1130
316
781
1632
1800
196
691
1202
12
12
12
12
12
49
49
1770
1197
843
1639
327
1118
1391
406
167
1864
923
1944
1707
1664
272
426
823
330
365
279
529
1762
1455
1855
1389
896
1671
208
1257
335
1204
1605
457
1643
1270
1781
1874
187
290
957
1649
1833
1285
449
841
340
381
425
764
538
1047
472
1386
1975
1812
878
822
674
325
472
878
466
410
1764
258
325
1519
124
124
992
1573
1305
1536
727
1726
1561
113
325
410
528
553
727
636
1561
55
55
124
1847
1808
1704
805
1415
922
940
253
1565
224
253
9
9
9
9
9
11
566
1124
418
1530
997
425
1871
1085
1541
171
777
530
345
363
821
1194
313
413
1996
343
1495
385
919
1339
1337
271
13
35
213
546
1557
278
549
204
845
501
136
1279
682
1892
138
138
1638
950
1994
1367
579
720
1483
1737
66
66
875
1193
312
465
1602
460
52
52
52
1451
1325
473
689
1195
1452
710
484
291
153
1209
1057
1139
1839
2000
1462
24
24
24
958
1983
1765
803
1748
430
216
30
30
30
1940
513
615
858
1185
1300
1899
768
584
239
1585
1318
1170
301
1464
1504
863
1414
1050
251
1550
573
766
1597
1469
1774
60
60
1082
1761
1350
199
199
388
388
1958
478
1440
852
524
1739
1756
120
120
1359
1354
1077
1650
244
244
854
1307
336
336
1418
1626
715
578
1571
1069
707
318
318
491
750
1387
1232
868
949
1630
1429
550
578
290
968
610
68
68
1191
1867
1746
1176
1786
435
868
887
1191
74
74
74
74
592
1759
1852
1886
969
1121
533
159
180
581
867
1549
1706
1430
182
182
333
519
1676
1330
900
1832
1972
303
1877
1275
1976
717
1702
1795
930
967
598
589
717
930
1385
296
634
424
589
1559
140
296
1959
1526
62
62
62
774
801
716
976
1831
1000
223
1901
115
115
339
1101
371
371
497
1524
1775
1589
1539
671
651
1984
755
1840
1343
36
36
507
575
1259
869
348
226
163
11
11
11
884
250
638
595
162
414
1963
614
1274
1826
1171
1249
1128
1758
1797
836
96
96
307
1592
1769
719
157
157
1712
211
1506
885
110
110
110
194
1816
1881
1917
462
175
713
1733
379
1645
668
1463
1470
522
134
157
1796
1236
1873
520
95
95
95
95
440
344
355
1981
511
561
791
1448
543
1915
1717
977
1133
1063
341
1062
1250
1827
396
1396
326
1574
1577
833
287
306
396
256
326
833
683
961
31
31
31
31
31
137
1617
1870
1991
1700
411
1467
556
235
1351
1006
1964
866
1621
586
1090
658
400
850
1562
1488
1040
1125
1603
186
234
1219
1609
1477
238
1948
1623
652
1408
783
1923
1857
1636
1424
911
1744
984
397
603
1096
1636
148
238
397
39
39
552
563
582
41
41
148
1089
1136
259
709
317
445
1153
1247
1060
443
35
35
35
1421
67
165
515
1423
1320
521
38
39
577
971
1150
1303
58
1010
767
40
1842
56
58
1616
1515
4
4
4
4
1212
320
280
1292
1053
101
518
1331
1540
1369
1995
1207
864
1002
979
1120
248
218
544
1420
616
1312
1159
5
5
39
109
1520
146
894
1913
635
1793
1245
813
1222
1371
293
708
1075
1012
1813
428
1222
28
28
28
44
1615
1073
1820
1856
881
1696
135
512
1780
632
106
137
1147
650
2
2
2
28
28
1260
1563
202
928
1891
1727
1267
817
63
117
166
288
188
1918
1502
1223
229
540
630
242
1029
1508
1254
626
173
173
180
180
1788
648
1708
444
1570
1088
664
19
19
19
1662
558
1547
1299
625
661
436
1208
1997
618
1608
1213
1501
474
266
1228
510
618
8
8
8
8
1666
945
960
1491
84
25
483
1131
1978
609
1203
1898
611
495
1829
1654
704
1457
1787
121
121
1767
1311
568
156
156
1083
376
1624
181
100
100
1333
1238
1356
514
144
974
1144
53
53
1297
1909
769
1889
1465
98
98
102
260
629
215
215
980
1443
286
1902
1205
409
1074
73
286
1489
920
65
65
65
65
65
1578
1657
645
1533
1905
350
673
1777
849
125
1713
1293
532
265
1656
1015
623
237
600
1382
142
432
559
897
567
670
1876
1080
133
133
142
179
179
265
1399
429
429
493
1178
1916
454
493
571
1051
1861
500
21
21
454
1052
1302
1198
1076
1409
665
475
536
1308
970
364
571
332
665
228
364
225
228
909
1979
1276
537
97
97
97
1256
354
1492
1919
1401
952
1497
463
996
1594
1943
114
756
467
1640
427
102
102
1725
1481
1253
1854
497
314
1273
3
3
3
3
877
690
1714
790
1849
1627
1837
1719
569
1974
486
1783
782
855
442
1322
1914
1834
1184
734
1782
139
89
89
442
1937
1848
1252
903
1686
857
846
1553
1680
1848
49
611
765
1098
16
16
16
16
16
1745
947
1678
247
921
1384
728
679
1055
1957
1091
189
1612
1321
276
103
1723
143
1210
593
1595
1633
666
912
1403
1152
798
1668
1528
1428
390
1298
1954
267
94
94
143
1753
346
1241
1634
1143
230
254
346
390
1682
1375
1749
37
37
37
37
895
825
357
1628
217
122
321
1284
1665
1442
1071
407
1977
1353
1637
1272
870
210
985
749
416
1067
933
7
7
7
1663
1181
46
1754
617
1499
311
1306
1037
93
1374
1518
1215
1660
361
86
93
1534
747
1181
1215
33
361
50
86
311
747
27
27
123
1103
1859
1926
1544
99
99
1651
222
1596
934
946
1982
152
309
79
152
152
1545
694
620
1025
1056
349
1555
1644
1635
1092
1850
498
1569
328
842
1092
641
1945
421
421
1576
1283
1878
1999
447
145
145
1703
687
1880
245
1395
545
1580
1134
