Filename: ran500.dat

Sorted Data
54
54
54
1353
8642
7502
2080
1400
2946
8028
2189
5631
7156
1975
9898
2500
4306
7553
8609
8948
9781
3954
4322
1271
4577
2378
9861
6528
6042
2419
4549
7900
788
4764
1526
2457
9450
6140
9882
4773
7997
7442
3807
4799
5269
981
5942
3472
1433
7795
7110
4462
7046
953
9628
5513
7403
5790
6379
7817
1879
3021
2828
6840
2929
5654
4184
3066
4445
5657
4879
6066
4158
1304
2560
357
9771
1145
3781
6467
3504
5531
3584
5654
4756
1637
6152
1722
5547
2922
8722
8351
8449
8955
5948
5406
1682
6550
6905
2638
1067
8149
1914
4233
3518
8392
1373
2627
1773
4799
3802
5048
5028
3519
5256
1206
5195
6071
7329
5569
3441
8020
5910
2669
6707
5521
7889
8877
8900
681
8006
9074
6441
1651
3013
1663
2852
8420
5363
363
2072
212
3581
6215
5200
5460
1537
8234
333
259
3781
6163
204
6266
9152
3748
7295
3958
9823
5973
1123
2216
7992
8707
7382
136
7396
4183
3620
2039
1831
763
1155
1591
7883
403
7906
5990
4026
2290
1828
6143
3319
6052
9641
3781
1844
3001
542
1440
104
8849
9580
6259
9556
6310
391
3513
1463
1060
1974
839
268
9457
9196
9080
8656
1489
1718
682
6510
7369
1024
1600
940
1217
246
7623
9570
279
6466
1080
4279
3097
186
8853
7579
5095
1658
7629
8809
4996
8751
7348
2350
516
6055
8760
5040
6784
9894
6048
4964
5897
8955
446
8829
1082
5201
5788
99
3871
4771
1929
5079
7750
3544
6978
9128
6709
7058
4269
209
2130
9476
5028
1943
6447
1280
2649
3360
7037
381
9536
7548
8744
6340
2435
6358
8505
2374
7210
3392
502
4850
8975
2423
5275
4945
8551
3459
1238
2155
1155
3632
2040
4361
8283
5097
8195
4107
8706
7130
6435
5814
9532
4611
5211
3587
3258
88
9782
4321
1757
1594
5337
5782
3142
3418
1578
4366
2427
2015
7205
2202
1946
4231
7742
8306
2451
54
240
3460
824
1293
2604
3515
5361
8691
3041
793
793
3766
3766
8285
240
240
1976
1976
1293
1293
2359
6002
6473
8426
1569
1569
2136
4348
4348
898
898
3809
5108
5108
8834
1007
1007
1328
7284
4512
8414
7738
3855
3855
6272
6199
6272
2245
2245
2459
6229
728
6229
619
619
1265
1265
6585
9573
3510
5769
6413
9572
9271
4351
5873
8506
4079
2936
8443
6498
8985
5946
3894
4700
1896
1265
4680
4680
4700
7260
9803
6688
6688
3775
845
3775
271
271
486
875
8435
1311
3812
7892
948
7564
5218
1545
1545
9536
3751
3751
1209
1209
1439
6516
9779
9673
5035
1439
2972
2972
5294
7344
7344
2998
2998
875
875
1218
1218
5176
3027
3027
3027
3027
9261
7881
3656
3656
3804
3804
4476
6287
2471
6287
156
156
1789
4979
3257
2491
4470
3912
9145
8811
5031
2089
9136
1905
1789
4470
7857
8203
8376
9280
3552
5031
3388
3388
8549
4241
6746
2477
2477
3945
6246
9280
