Filename: dup1K.dat

Sorted Data
1
1
1
1
2
2
3
4
129
560
975
997
73
929
138
421
668
904
643
819
630
106
323
39
147
115
541
102
878
44
278
475
165
537
967
526
898
811
524
771
137
938
917
776
770
950
471
307
400
798
558
49
669
885
224
821
567
313
40
190
113
972
472
256
454
456
756
646
412
665
94
399
496
167
141
123
904
315
374
669
769
596
624
179
938
879
116
407
69
601
625
662
864
528
199
32
907
444
128
802
703
42
177
945
491
15
442
918
925
912
176
814
343
38
658
578
315
310
34
890
586
709
813
85
817
782
946
568
941
710
577
612
657
691
306
351
941
882
850
493
4
9
99
543
751
335
513
809
122
122
181
96
76
76
257
613
10
10
13
319
681
28
822
443
443
588
229
229
154
19
19
27
196
843
206
206
591
146
146
550
139
139
247
247
896
839
151
151
308
333
413
818
149
149
774
72
72
834
856
133
133
149
949
187
22
955
527
527
869
1000
759
834
142
142
895
171
218
83
171
3
3
933
26
26
26
155
155
376
376
620
693
676
274
274
676
144
144
82
62
62
499
499
761
679
6
6
16
156
261
937
596
506
21
9
9
28
545
162
828
781
372
222
312
386
198
198
244
244
287
287
383
392
929
957
447
447
329
482
217
329
482
186
186
221
221
294
367
403
312
312
458
660
451
458
660
440
440
55
55
501
990
363
363
726
958
80
80
564
262
279
564
59
59
79
545
553
854
197
436
387
289
331
694
865
572
747
965
249
926
688
806
533
927
290
659
888
511
718
258
79
583
342
274
274
125
299
730
121
125
730
45
45
620
522
364
364
210
504
50
50
50
259
259
301
301
384
185
185
358
846
767
264
433
433
243
243
744
98
98
738
779
467
738
271
467
1
1
6
53
928
509
940
16
16
18
273
539
78
866
525
587
304
304
570
639
813
349
570
813
111
120
14
14
84
120
595
599
214
595
13
13
20
191
544
417
829
309
401
779
52
52
54
575
169
687
647
455
133
741
936
430
264
54
481
238
235
235
254
254
982
411
411
810
469
63
63
252
252
745
191
734
745
88
88
899
671
248
248
641
709
285
285
268
268
270
270
311
86
86
192
192
916
890
768
857
890
70
70
103
695
541
292
208
702
200
208
92
92
150
785
45
45
173
173
876
233
233
41
41
275
275
722
722
782
883
55
55
168
573
103
103
874
211
211
570
385
438
570
165
165
371
2
2
5
425
602
68
90
666
651
404
518
90
229
180
71
71
113
394
416
512
512
783
789
628
628
231
231
416
464
708
894
164
164
558
135
135
688
981
731
144
144
951
147
61
147
28
20
20
161
170
193
284
556
293
466
495
509
490
405
284
908
330
8
8
113
626
365
963
215
215
288
288
288
804
900
434
434
924
237
237
653
170
143
143
284
897
736
408
934
450
450
799
630
603
630
158
158
527
11
11
578
508
6
6
17
64
661
715
875
605
353
831
824
184
764
909
853
893
980
726
64
395
375
109
109
935
816
236
236
67
67
655
914
112
112
127
127
250
116
116
207
207
298
260
797
47
47
562
108
108
617
328
381
617
76
76
255
255
445
968
830
246
246
971
321
101
321
100
100
476
716
956
163
163
521
379
183
183
194
227
482
105
105
474
474
479
999
397
479
43
43
81
680
195
604
297
654
225
225
404
673
222
222
340
511
870
270
511
5
5
569
29
29
29
31
606
959
867
296
494
33
33
719
327
682
719
104
104
118
366
24
24
25
338
531
677
35
449
480
536
808
407
252
823
267
672
948
739
637
219
25
837
203
203
269
440
497
81
81
285
285
517
370
370
585
490
282
490
792
18
18
119
36
36
36
74
152
979
552
130
609
318
318
354
766
295
354
126
126
172
721
239
345
721
155
155
535
74
74
871
841
107
107
155
532
220
969
316
692
160
160
160
502
414
313
313
629
840
362
362
600
31
31
60
523
140
462
355
281
281
316
561
699
678
794
584
203
489
584
60
60
65
66
72
93
470
836
741
431
213
666
343
110
201
432
17
17
37
48
301
683
880
463
788
976
435
240
396
465
226
360
373
762
827
965
885
713
96
812
473
763
803
425
984
860
460
283
320
614
420
153
393
795
51
48
72
619
750
551
303
638
437
439
796
883
973
932
177
359
201
336
574
729
547
380
72
325
977
835
960
607
457
326
325
589
791
565
65
65
357
631
593
503
402
862
357
357
414
414
712
498
581
712
37
37
426
448
623
623
978
954
339
339
339
858
245
245
181
633
212
212
361
530
720
978
557
720
175
476
