Filename: dup1K.dat

Sorted Data
1
1
1
1
2
2
2
4
6
560
975
997
73
929
138
138
421
904
643
643
630
106
630
39
39
40
541
102
878
44
278
475
165
537
967
526
898
811
524
771
137
938
917
776
770
950
471
307
400
798
558
49
669
885
224
821
567
313
40
190
113
113
472
256
256
454
456
646
412
646
94
94
496
167
167
123
123
315
315
374
769
596
596
179
179
879
116
879
69
69
601
625
864
528
528
32
32
444
128
128
703
42
42
177
491
15
15
176
925
912
176
814
343
38
38
578
315
578
34
34
586
586
813
85
85
782
817
568
568
710
577
577
612
691
306
306
351
882
850
882
4
4
5
76
751
335
513
809
122
507
181
96
76
305
257
305
10
10
859
319
859
28
28
443
443
588
229
229
154
19
19
22
419
843
206
563
591
146
902
550
139
299
247
461
896
839
151
308
413
333
684
818
149
263
774
72
277
834
856
133
737
847
949
187
22
955
527
527
868
1000
759
759
142
142
895
171
171
83
346
3
3
11
26
45
50
155
552
376
620
852
693
676
274
274
931
144
144
82
62
62
499
499
582
679
6
6
88
156
156
261
596
506
596
9
9
21
53
162
828
781
372
222
646
386
198
198
244
244
287
287
383
392
714
957
447
447
329
329
217
215
217
186
186
221
221
294
367
367
312
312
458
458
451
451
664
440
440
55
55
87
990
363
87
726
958
80
80
564
262
262
988
59
59
95
136
545
854
197
197
387
289
289
331
865
572
572
965
249
249
688
688
533
806
290
290
888
511
511
258
79
79
342
274
342
125
125
730
121
121
885
45
45
163
522
364
522
210
334
50
50
336
259
259
301
301
384
185
185
358
433
767
264
264
922
243
243
744
98
98
738
778
467
467
271
271
1
1
16
53
928
509
940
16
16
17
28
539
78
120
525
587
304
639
570
921
813
349
120
188
111
188
14
84
427
427
576
599
214
599
13
13
58
63
544
417
829
309
309
779
52
52
133
575
169
687
647
455
133
741
936
430
430
54
54
63
235
861
254
700
982
411
970
810
469
63
862
252
252
745
191
191
846
88
88
590
671
248
248
422
709
285
285
268
268
270
270
311
86
86
192
192
534
890
768
534
674
70
70
826
695
826
292
292
702
200
200
92
92
150
234
45
45
173
173
876
233
233
41
41
173
921
722
771
771
883
55
211
168
566
103
103
874
211
211
570
385
385
913
165
165
371
2
2
18
20
602
68
391
666
651
404
518
90
229
180
71
113
394
416
594
512
642
783
789
628
833
231
416
464
845
708
894
164
161
558
135
688
807
981
731
144
459
951
147
61
675
28
20
33
35
35
193
607
556
293
466
495
509
490
405
284
284
330
8
8
143
626
365
963
215
369
288
722
717
804
900
434
757
924
237
348
653
170
143
450
910
897
736
408
408
450
450
799
630
630
993
158
158
527
11
11
18
508
6
64
723
540
661
715
875
605
353
831
824
184
764
909
853
893
980
726
64
81
375
109
555
935
816
236
816
67
67
352
914
112
112
127
127
250
116
116
207
207
298
260
298
47
47
562
108
108
617
328
328
953
76
76
246
445
974
968
830
246
698
971
321
321
520
100
100
476
635
956
163
163
183
379
183
482
194
194
733
105
105
474
474
479
695
397
397
43
43
297
680
195
195
297
604
225
225
239
673
222
222
340
511
851
270
270
5
5
17
29
110
701
621
606
959
867
296
867
33
33
719
327
327
905
104
104
118
118
24
24
685
338
338
677
35
35
252
536
808
407
252
823
267
267
672
739
637
739
25
25
31
269
704
440
497
81
81
140
282
517
370
889
585
490
282
995
792
18
18
119
36
36
37
341
152
979
552
130
130
318
318
354
446
295
295
126
126
159
721
239
849
992
155
155
535
74
74
663
841
107
202
204
204
220
220
316
316
160
160
202
202
414
313
313
629
649
362
362
600
31
31
159
523
140
203
355
281
281
387
387
387
490
794
584
203
203
996
60
60
93
66
66
66
93
96
741
431
213
666
343
110
110
432
17
17
48
48
301
683
880
463
788
976
435
240
396
465
226
360
373
762
827
965
885
713
96
812
473
763
803
425
984
860
460
283
320
614
420
153
393
795
51
48
51
201
750
551
303
638
437
439
551
883
883
932
177
177
201
201
326
729
547
380
72
72
325
835
960
607
457
326
325
457
791
565
65
457
650
631
650
503
503
862
357
357
414
462
712
498
498
749
37
37
426
448
448
581
978
954
339
339
610
858
245
366
181
181
212
212
361
361
720
773
773
189
175
983
