Filename: rev10K.dat

Sorted Data
1
51
9999
9998
9997
9996
9995
9994
9993
9992
9994
9990
9992
9988
9990
9986
9988
9984
9986
9982
9984
9980
9982
9978
9980
9976
9978
9974
9976
9972
9974
9970
9972
9968
9970
9966
9968
9964
9966
9962
9964
9960
9962
9958
9960
9956
9958
9954
9956
9952
9969
9950
9967
9948
9950
9946
9948
9944
9946
9942
9959
9940
9957
9938
9940
9936
9938
9934
9936
9932
9949
9930
9947
9928
9930
9926
9928
9924
9926
9922
9939
9920
9937
9918
9920
9916
9918
9914
9916
9912
9929
9910
9927
9908
9910
9906
9908
9904
9906
9902
9919
9900
9917
9898
9900
9896
9898
9894
9896
9892
9909
9890
9907
9888
9890
9886
9888
9884
9886
9882
9899
9880
9897
9878
9880
9876
9878
9874
9876
9872
9889
9870
9887
9868
9870
9866
9868
9864
9866
9862
9879
9860
9877
9858
9860
9856
9858
9854
9856
9852
9869
9850
9867
9848
9850
9846
9848
9844
9846
9842
9859
9840
9857
9838
9840
9836
9838
9834
9836
9832
9849
9830
9847
9828
9830
9826
9828
9824
9826
9822
9839
9820
9837
9818
9820
9816
9818
9814
9816
9812
9829
9810
9827
9808
9810
9806
9808
9804
9806
9802
9819
9800
9817
9798
9800
9796
9798
9794
9796
9792
9809
9790
9807
9788
9790
9786
9788
9784
9786
9782
9799
9780
9797
9778
9780
9776
9778
9774
9776
9772
9789
9770
9787
9768
9770
9766
9768
9764
9766
9762
9779
9760
9777
9758
9760
9756
9758
9754
9756
9752
9769
9750
9767
9748
9750
9746
9748
9744
9746
9742
9759
9740
9757
9738
9740
9736
9738
9734
9736
9732
9749
9730
9747
9728
9730
9726
9728
9724
9726
9722
9739
9720
9737
9718
9720
9716
9718
9714
9716
9712
9729
9710
9727
9708
9710
9706
9708
9704
9706
9702
9719
9700
9717
9698
9700
9696
9698
9694
9696
9692
9709
9690
9707
9688
9690
9686
9688
9684
9686
9682
9699
9680
9697
9678
9680
9676
9678
9674
9676
9672
9689
9670
9687
9668
9670
9666
9668
9664
9666
9662
9679
9660
9677
9658
9660
9656
9658
9654
9656
9652
9669
9650
9667
9648
9650
9646
9648
9644
9646
9642
9659
9640
9657
9638
9640
9636
9638
9634
9636
9632
9649
9630
9647
9628
9630
9626
9628
9624
9626
9622
9639
9620
9637
9618
9620
9616
9618
9614
9616
9612
9629
9610
9627
9608
9610
9606
9608
9604
9606
9602
9619
9600
9617
9598
9600
9596
9598
9594
9596
9592
9609
9590
9607
9588
9590
9586
9588
9584
9586
9582
9599
9580
9597
9578
9580
9576
9578
9574
9576
9572
9589
9570
9587
9568
9570
9566
9568
9564
9566
9562
9579
9560
9577
9558
9560
9556
9558
9554
9556
9552
9569
9550
9567
9548
9550
9546
9548
9544
9546
9542
9559
9540
9557
9538
9540
9536
9538
9534
9536
9532
9549
9530
9547
9528
9530
9526
9528
9524
9526
9522
9539
9520
9537
9518
9520
9516
9518
9514
9516
9512
9529
9510
9527
9508
9510
9506
9508
9504
9506
9502
9519
9500
9517
9498
9500
9496
9498
9494
9496
9492
9509
9490
9507
9488
9490
9486
9488
9484
9486
9482
9499
9480
9497
9478
9480
9476
9478
9474
9476
9472
9489
9470
9487
9468
9470
9466
9468
9464
9466
9462
9479
9460
9477
9458
9460
9456
9458
9454
9456
9452
9469
9450
9467
9448
9450
9446
9448
9444
9446
9442
9459
9440
9457
9438
9440
9436
9438
9434
9436
9432
9449
9430
9447
9428
9430
9426
9428
9424
9426
9422
9439
9420
9437
9418
9420
9416
9418
9414
9416
9412
9429
9410
9427
9408
9410
9406
9408
9404
9406
9402
9419
9400
9417
9398
9400
9396
9398
9394
9396
9392
9409
9390
9407
9388
9390
9386
9388
9384
9386
9382
9399
9380
9397
9378
9380
9376
9378
9374
9376
9372
9389
9370
9387
9368
9370
9366
9368
9364
9366
9362
9379
9360
9377
9358
9360
9356
9358
9354
9356
9352
9369
9350
9367
9348
9350
9346
9348
9344
9346
9342
9359
9340
9357
9338
9340
9336
9338
9334
9336
9332
9349
9330
9347
9328
9330
9326
9328
9324
9326
9322
9339
9320
9337
9318
9320
9316
9318
9314
9316
9312
9329
9310
9327
9308
9310
9306
9308
9304
9306
9302
9319
9300
9317
9298
9300
9296
9298
9294
9296
9292
9309
9290
9307
9288
9290
9286
9288
9284
9286
9282
9299
9280
9297
9278
9280
9276
9278
9274
9276
9272
9289
9270
9287
9268
9270
9266
9268
9264
9266
9262
9279
9260
9277
9258
9260
9256
9258
9254
9256
9252
9269
9250
9267
9248
9250
9246
9248
9244
9246
9242
9259
9240
9257
9238
9240
9236
9238
9234
9236
9232
9249
9230
9247
9228
9230
9226
9228
9224
9226
9222
9239
9220
9237
9218
9220
9216
9218
9214
9216
9212
9229
9210
9227
9208
9210
9206
9208
9204
9206
9202
9219
9200
9217
9198
9200
9196
9198
9194
9196
9192
9209
9190
9207
9188
9190
9186
9188
9184
9186
9182
9199
9180
9197
9178
9180
9176
9178
9174
9176
9172
9189
9170
9187
9168
9170
9166
9168
9164
9166
9162
9179
9160
9177
9158
9160
9156
9158
9154
9156
9152
9169
9150
9167
9148
9150
9146
9148
9144
9146
9142
9159
9140
9157
9138
9140
9136
9138
9134
9136
9132
9149
9130
9147
9128
9130
9126
9128
9124
9126
9122
9139
9120
9137
9118
9120
9116
9118
9114
9116
9112
9129
9110
9127
9108
9110
9106
9108
9104
9106
9102
9119
9100
9117
9098
9100
9096
9098
9094
9096
9092
9109
9090
9107
9088
9090
9086
9088
9084
9086
9082
9099
9080
9097
9078
9080
9076
9078
9074
9076
9072
9089
9070
9087
9068
9070
9066
9068
9064
9066
9062
9079
9060
9077
9058
9060
9056
9058
9054
9056
9052
9069
9050
9067
9048
9050
9046
9048
9044
9046
9042
9059
9040
9057
9038
9040
9036
9038
9034
9036
9032
9049
9030
9047
9028
9030
9026
9028
9024
9026
9022
9039
9020
9037
9018
9020
9016
9018
9014
9016
9012
9029
9010
9027
9008
9010
9006
9008
9004
9006
9002
9019
9000
9017
8998
9000
8996
8998
8994
8996
8992
9009
8990
9007
8988
8990
8986
8988
8984
8986
8982
8999
8980
8997
8978
8980
8976
8978
8974
8976
8972
8989
8970
8987
8968
8970
8966
8968
8964
8966
8962
8979
8960
8977
8958
8960
8956
8958
8954
8956
8952
8969
8950
8967
8948
8950
8946
8948
8944
8946
8942
8959
8940
8957
8938
8940
8936
8938
8934
8936
8932
8949
8930
8947
8928
8930
8926
8928
8924
8926
8922
8939
8920
8937
8918
8920
8916
8918
8914
8916
8912
8929
8910
8927
8908
8910
8906
8908
8904
8906
8902
8919
8900
8917
8898
8900
8896
8898
8894
8896
8892
8909
8890
8907
8888
8890
8886
8888
8884
8886
8882
8899
8880
8897
8878
8880
8876
8878
8874
8876
8872
8889
8870
8887
8868
8870
8866
8868
8864
8866
8862
8879
8860
8877
8858
8860
8856
8858
8854
8856
8852
8869
8850
8867
8848
8850
8846
8848
8844
8846
8842
8859
8840
8857
8838
8840
8836
8838
8834
8836
8832
8849
8830
8847
8828
8830
8826
8828
8824
8826
8822
8839
8820
8837
8818
8820
8816
8818
8814
8816
8812
8829
8810
8827
8808
8810
8806
8808
8804
8806
8802
8819
8800
8817
8798
8800
8796
8798
8794
8796
8792
8809
8790
8807
8788
8790
8786
8788
8784
8786
8782
8799
8780
8797
8778
8780
8776
8778
8774
8776
8772
8789
8770
8787
8768
8770
8766
8768
8764
8766
8762
8779
8760
8777
8758
8760
8756
8758
8754
8756
8752
8769
8750
8767
8748
8750
8746
8748
8744
8746
8742
8759
8740
8757
8738
8740
8736
8738
8734
8736
8732
8749
8730
8747
8728
8730
8726
8728
8724
8726
8722
8739
8720
8737
8718
8720
8716
8718
8714
8716
8712
8729
8710
8727
8708
8710
8706
8708
8704
8706
8702
8719
8700
8717
8698
8700
8696
8698
8694
8696
8692
8709
8690
8707
8688
8690
8686
8688
8684
8686
8682
8699
8680
8697
8678
8680
8676
8678
8674
8676
8672
8689
8670
8687
8668
8670
8666
8668
8664
8666
8662
8679
8660
8677
8658
8660
8656
8658
8654
8656
8652
8669
8650
8667
8648
8650
8646
8648
8644
8646
8642
8659
8640
8657
8638
8640
8636
8638
8634
8636
8632
8649
8630
8647
8628
8630
8626
8628
8624
8626
8622
8639
8620
8637
8618
8620
8616
8618
8614
8616
8612
8629
8610
8627
8608
8610
8606
8608
8604
8606
8602
8619
8600
8617
8598
8600
8596
8598
8594
8596
8592
8609
8590
8607
8588
8590
8586
8588
8584
8586
8582
8599
8580
8597
8578
8580
8576
8578
8574
8576
8572
8589
8570
8587
8568
8570
8566
8568
8564
8566
8562
8579
8560
8577
8558
8560
8556
8558
8554
8556
8552
8569
8550
8567
8548
8550
8546
8548
8544
8546
8542
8559
8540
8557
8538
8540
8536
8538
8534
8536
8532
8549
8530
8547
8528
8530
8526
8528
8524
8526
8522
8539
8520
8537
8518
8520
8516
8518
8514
8516
8512
8529
8510
8527
8508
8510
8506
8508
8504
8506
8502
8519
8500
8517
8498
8500
8496
8498
8494
8496
8492
8509
8490
8507
8488
8490
8486
8488
8484
8486
8482
8499
8480
8497
8478
8480
8476
8478
8474
8476
8472
8489
8470
8487
8468
8470
8466
8468
8464
8466
8462
8479
8460
8477
8458
8460
8456
8458
8454
8456
8452
8469
8450
8467
8448
8450
8446
8448
8444
8446
8442
8459
8440
8457
8438
8440
8436
8438
8434
8436
8432
8449
8430
8447
8428
8430
8426
8428
8424
8426
8422
8439
8420
8437
8418
8420
8416
8418
8414
8416
8412
8429
8410
8427
8408
8410
8406
8408
8404
8406
8402
8419
8400
8417
8398
8400
8396
8398
8394
8396
8392
8409
8390
8407
8388
8390
8386
8388
8384
8386
8382
8399
8380
8397
8378
8380
8376
8378
8374
8376
8372
8389
8370
8387
8368
8370
8366
8368
8364
8366
8362
8379
8360
8377
8358
8360
8356
8358
8354
8356
8352
8369
8350
8367
8348
8350
8346
8348
8344
8346
8342
8359
8340
8357
8338
8340
8336
8338
8334
8336
8332
8349
8330
8347
8328
8330
8326
8328
8324
8326
8322
8339
8320
8337
8318
8320
8316
8318
8314
8316
8312
8329
8310
8327
8308
8310
8306
8308
8304
8306
8302
8319
8300
8317
8298
8300
8296
8298
8294
8296
8292
8309
8290
8307
8288
8290
8286
8288
8284
8286
8282
8299
8280
8297
8278
8280
8276
8278
8274
8276
8272
8289
8270
8287
8268
8270
8266
8268
8264
8266
8262
8279
8260
8277
8258
8260
8256
8258
8254
8256
8252
8269
8250
8267
8248
8250
8246
8248
8244
8246
8242
8259
8240
8257
8238
8240
8236
8238
8234
8236
8232
8249
8230
8247
8228
8230
8226
8228
8224
8226
8222
8239
8220
8237
8218
8220
8216
8218
8214
8216
8212
8229
8210
8227
8208
8210
8206
8208
8204
8206
8202
8219
8200
8217
8198
8200
8196
8198
8194
8196
8192
8209
8190
8207
8188
8190
8186
8188
8184
8186
8182
8199
8180
8197
8178
8180
8176
8178
8174
8176
8172
8189
8170
8187
8168
8170
8166
8168
8164
8166
8162
8179
8160
8177
8158
8160
8156
8158
8154
8156
8152
8169
8150
8167
8148
8150
8146
8148
8144
8146
8142
8159
8140
8157
8138
8140
8136
8138
8134
8136
8132
8149
8130
8147
8128
8130
8126
8128
8124
8126
8122
8139
8120
8137
8118
8120
8116
8118
8114
8116
8112
8129
8110
8127
8108
8110
8106
8108
8104
8106
8102
8119
8100
8117
8098
8100
8096
8098
8094
8096
8092
8109
8090
8107
8088
8090
8086
8088
8084
8086
8082
8099
8080
8097
8078
8080
8076
8078
8074
8076
8072
8089
8070
8087
8068
8070
8066
8068
8064
8066
8062
8079
8060
8077
8058
8060
8056
8058
8054
8056
8052
8069
8050
8067
8048
8050
8046
8048
8044
8046
8042
8059
8040
8057
8038
8040
8036
8038
8034
8036
8032
8049
8030
8047
8028
8030
8026
8028
8024
8026
8022
8039
8020
8037
8018
8020
8016
8018
8014
8016
8012
8029
8010
8027
8008
8010
8006
8008
8004
8006
8002
8019
8000
8017
7998
8000
7996
7998
7994
7996
7992
8009
7990
8007
7988
7990
7986
7988
7984
7986
7982
7999
7980
7997
7978
7980
7976
7978
7974
7976
7972
7989
7970
7987
7968
7970
7966
7968
7964
7966
7962
7979
7960
7977
7958
7960
7956
7958
7954
7956
7952
7969
7950
7967
7948
7950
7946
7948
7944
7946
7942
7959
7940
7957
7938
7940
7936
7938
7934
7936
7932
7949
7930
7947
7928
7930
7926
7928
7924
7926
7922
7939
7920
7937
7918
7920
7916
7918
7914
7916
7912
7929
7910
7927
7908
7910
7906
7908
7904
7906
7902
7919
7900
7917
7898
7900
7896
7898
7894
7896
7892
7909
7890
7907
7888
7890
7886
7888
7884
7886
7882
7899
7880
7897
7878
7880
7876
7878
7874
7876
7872
7889
7870
7887
7868
7870
7866
7868
7864
7866
7862
7879
7860
7877
7858
7860
7856
7858
7854
7856
7852
7869
7850
7867
7848
7850
7846
7848
7844
7846
7842
7859
7840
7857
7838
7840
7836
7838
7834
7836
7832
7849
7830
7847
7828
7830
7826
7828
7824
7826
7822
7839
7820
7837
7818
7820
7816
7818
7814
7816
7812
7829
7810
7827
7808
7810
7806
7808
7804
7806
7802
7819
7800
7817
7798
7800
7796
7798
7794
7796
7792
7809
7790
7807
7788
7790
7786
7788
7784
7786
7782
7799
7780
7797
7778
7780
7776
7778
7774
7776
7772
7789
7770
7787
7768
7770
7766
7768
7764
7766
7762
7779
7760
7777
7758
7760
7756
7758
7754
7756
7752
7769
7750
7767
7748
7750
7746
7748
7744
7746
7742
7759
7740
7757
7738
7740
7736
7738
7734
7736
7732
7749
7730
7747
7728
7730
7726
7728
7724
7726
7722
7739
7720
7737
7718
7720
7716
7718
7714
7716
7712
7729
7710
7727
7708
7710
7706
7708
7704
7706
7702
7719
7700
7717
7698
7700
7696
7698
7694
7696
7692
7709
7690
7707
7688
7690
7686
7688
7684
7686
7682
7699
7680
7697
7678
7680
7676
7678
7674
7676
7672
7689
7670
7687
7668
7670
7666
7668
7664
7666
7662
7679
7660
7677
7658
7660
7656
7658
7654
7656
7652
7669
7650
7667
7648
7650
7646
7648
7644
7646
7642
7659
7640
7657
7638
7640
7636
7638
7634
7636
7632
7649
7630
7647
7628
7630
7626
7628
7624
7626
7622
7639
7620
7637
7618
7620
7616
7618
7614
7616
7612
7629
7610
7627
7608
7610
7606
7608
7604
7606
7602
7619
7600
7617
7598
7600
7596
7598
7594
7596
7592
7609
7590
7607
7588
7590
7586
7588
7584
7586
7582
7599
7580
7597
7578
7580
7576
7578
7574
7576
7572
7589
7570
7587
7568
7570
7566
7568
7564
7566
7562
7579
7560
7577
7558
7560
7556
7558
7554
7556
7552
7569
7550
7567
7548
7550
7546
7548
7544
7546
7542
7559
7540
7557
7538
7540
7536
7538
7534
7536
7532
7549
7530
7547
7528
7530
7526
7528
7524
7526
7522
7539
7520
7537
7518
7520
7516
7518
7514
7516
7512
7529
7510
7527
7508
7510
7506
7508
7504
7506
7502
7519
7500
7517
7498
7500
7496
7498
7494
7496
7492
7509
7490
7507
7488
7490
7486
7488
7484
7486
7482
7499
7480
7497
7478
7480
7476
7478
7474
7476
7472
7489
7470
7487
7468
7470
7466
7468
7464
7466
7462
7479
7460
7477
7458
7460
7456
7458
7454
7456
7452
7469
7450
7467
7448
7450
7446
7448
7444
7446
7442
7459
7440
7457
7438
7440
7436
7438
7434
7436
7432
7449
7430
7447
7428
7430
7426
7428
7424
7426
7422
7439
7420
7437
7418
7420
7416
7418
7414
7416
7412
7429
7410
7427
7408
7410
7406
7408
7404
7406
7402
7419
7400
7417
7398
7400
7396
7398
7394
7396
7392
7409
7390
7407
7388
7390
7386
7388
7384
7386
7382
7399
7380
7397
7378
7380
7376
7378
7374
7376
7372
7389
7370
7387
7368
7370
7366
7368
7364
7366
7362
7379
7360
7377
7358
7360
7356
7358
7354
7356
7352
7369
7350
7367
7348
7350
7346
7348
7344
7346
7342
7359
7340
7357
7338
7340
7336
7338
7334
7336
7332
7349
7330
7347
7328
7330
7326
7328
7324
7326
7322
7339
7320
7337
7318
7320
7316
7318
7314
7316
7312
7329
7310
7327
7308
7310
7306
7308
7304
7306
7302
7319
7300
7317
7298
7300
7296
7298
7294
7296
7292
7309
7290
7307
7288
7290
7286
7288
7284
7286
7282
7299
7280
7297
7278
7280
7276
7278
7274
7276
7272
7289
7270
7287
7268
7270
7266
7268
7264
7266
7262
7279
7260
7277
7258
7260
7256
7258
7254
7256
7252
7269
7250
7267
7248
7250
7246
7248
7244
7246
7242
7259
7240
7257
7238
7240
7236
7238
7234
7236
7232
7249
7230
7247
7228
7230
7226
7228
7224
7226
7222
7239
7220
7237
7218
7220
7216
7218
7214
7216
7212
7229
7210
7227
7208
7210
7206
7208
7204
7206
7202
7219
7200
7217
7198
7200
7196
7198
7194
7196
7192
7209
7190
7207
7188
7190
7186
7188
7184
7186
7182
7199
7180
7197
7178
7180
7176
7178
7174
7176
7172
7189
7170
7187
7168
7170
7166
7168
7164
7166
7162
7179
7160
7177
7158
7160
7156
7158
7154
7156
7152
7169
7150
7167
7148
7150
7146
7148
7144
7146
7142
7159
7140
7157
7138
7140
7136
7138
7134
7136
7132
7149
7130
7147
7128
7130
7126
7128
7124
7126
7122
7139
7120
7137
7118
7120
7116
7118
7114
7116
7112
7129
7110
7127
7108
7110
7106
7108
7104
7106
7102
7119
7100
7117
7098
7100
7096
7098
7094
7096
7092
7109
7090
7107
7088
7090
7086
7088
7084
7086
7082
7099
7080
7097
7078
7080
7076
7078
7074
7076
7072
7089
7070
7087
7068
7070
7066
7068
7064
7066
7062
7079
7060
7077
7058
7060
7056
7058
7054
7056
7052
7069
7050
7067
7048
7050
7046
7048
7044
7046
7042
7059
7040
7057
7038
7040
7036
7038
7034
7036
7032
7049
7030
7047
7028
7030
7026
7028
7024
7026
7022
7039
7020
7037
7018
7020
7016
7018
7014
7016
7012
7029
7010
7027
7008
7010
7006
7008
7004
7006
7002
7019
7000
7017
6998
7000
6996
6998
6994
6996
6992
7009
6990
7007
6988
6990
6986
6988
6984
6986
6982
6999
6980
6997
6978
6980
6976
6978
6974
6976
6972
6989
6970
6987
6968
6970
6966
6968
6964
6966
6962
6979
6960
6977
6958
6960
6956
6958
6954
6956
6952
6969
6950
6967
6948
6950
6946
6948
6944
6946
6942
6959
6940
6957
6938
6940
6936
6938
6934
6936
6932
6949
6930
6947
6928
6930
6926
6928
6924
6926
6922
6939
6920
6937
6918
6920
6916
6918
6914
6916
6912
6929
6910
6927
6908
6910
6906
6908
6904
6906
6902
6919
6900
6917
6898
6900
6896
6898
6894
6896
6892
6909
6890
6907
6888
6890
6886
6888
6884
6886
6882
6899
6880
6897
6878
6880
6876
6878
6874
6876
6872
6889
6870
6887
6868
6870
6866
6868
6864
6866
6862
6879
6860
6877
6858
6860
6856
6858
6854
6856
6852
6869
6850
6867
6848
6850
6846
6848
6844
6846
6842
6859
6840
6857
6838
6840
6836
6838
6834
6836
6832
6849
6830
6847
6828
6830
6826
6828
6824
6826
6822
6839
6820
6837
6818
6820
6816
6818
6814
6816
6812
6829
6810
6827
6808
6810
6806
6808
6804
6806
6802
6819
6800
6817
6798
6800
6796
6798
6794
6796
6792
6809
6790
6807
6788
6790
6786
6788
6784
6786
6782
6799
6780
6797
6778
6780
6776
6778
6774
6776
6772
6789
6770
6787
6768
6770
6766
6768
6764
6766
6762
6779
6760
6777
6758
6760
6756
6758
6754
6756
6752
6769
6750
6767
6748
6750
6746
6748
6744
6746
6742
6759
6740
6757
6738
6740
6736
6738
6734
6736
6732
6749
6730
6747
6728
6730
6726
6728
6724
6726
6722
6739
6720
6737
6718
6720
6716
6718
6714
6716
6712
6729
6710
6727
6708
6710
6706
6708
6704
6706
6702
6719
6700
6717
6698
6700
6696
6698
6694
6696
6692
6709
6690
6707
6688
6690
6686
6688
6684
6686
6682
6699
6680
6697
6678
6680
6676
6678
6674
6676
6672
6689
6670
6687
6668
6670
6666
6668
6664
6666
6662
6679
6660
6677
6658
6660
6656
6658
6654
6656
6652
6669
6650
6667
6648
6650
6646
6648
6644
6646
6642
6659
6640
6657
6638
6640
6636
6638
6634
6636
6632
6649
6630
6647
6628
6630
6626
6628
6624
6626
6622
6639
6620
6637
6618
6620
6616
6618
6614
6616
6612
6629
6610
6627
6608
6610
6606
6608
6604
6606
6602
6619
6600
6617
6598
6600
6596
6598
6594
6596
6592
6609
6590
6607
6588
6590
6586
6588
6584
6586
6582
6599
6580
6597
6578
6580
6576
6578
6574
6576
6572
6589
6570
6587
6568
6570
6566
6568
6564
6566
6562
6579
6560
6577
6558
6560
6556
6558
6554
6556
6552
6569
6550
6567
6548
6550
6546
6548
6544
6546
6542
6559
6540
6557
6538
6540
6536
6538
6534
6536
6532
6549
6530
6547
6528
6530
6526
6528
6524
6526
6522
6539
6520
6537
6518
6520
6516
6518
6514
6516
6512
6529
6510
6527
6508
6510
6506
6508
6504
6506
6502
6519
6500
6517
6498
6500
6496
6498
6494
6496
6492
6509
6490
6507
6488
6490
6486
6488
6484
6486
6482
6499
6480
6497
6478
6480
6476
6478
6474
6476
6472
6489
6470
6487
6468
6470
6466
6468
6464
6466
6462
6479
6460
6477
6458
6460
6456
6458
6454
6456
6452
6469
6450
6467
6448
6450
6446
6448
6444
6446
6442
6459
6440
6457
6438
6440
6436
6438
6434
6436
6432
6449
6430
6447
6428
6430
6426
6428
6424
6426
6422
6439
6420
6437
6418
6420
6416
6418
6414
6416
6412
6429
6410
6427
6408
6410
6406
6408
6404
6406
6402
6419
6400
6417
6398
6400
6396
6398
6394
6396
6392
6409
6390
6407
6388
6390
6386
6388
6384
6386
6382
6399
6380
6397
6378
6380
6376
6378
6374
6376
6372
6389
6370
6387
6368
6370
6366
6368
6364
6366
6362
6379
6360
6377
6358
6360
6356
6358
6354
6356
6352
6369
6350
6367
6348
6350
6346
6348
6344
6346
6342
6359
6340
6357
6338
6340
6336
6338
6334
6336
6332
6349
6330
6347
6328
6330
6326
6328
6324
6326
6322
6339
6320
6337
6318
6320
6316
6318
6314
6316
6312
6329
6310
6327
6308
6310
6306
6308
6304
6306
6302
6319
6300
6317
6298
6300
6296
6298
6294
6296
6292
6309
6290
6307
6288
6290
6286
6288
6284
6286
6282
6299
6280
6297
6278
6280
6276
6278
6274
6276
6272
6289
6270
6287
6268
6270
6266
6268
6264
6266
6262
6279
6260
6277
6258
6260
6256
6258
6254
6256
6252
6269
6250
6267
6248
6250
6246
6248
6244
6246
6242
6259
6240
6257
6238
6240
6236
6238
6234
6236
6232
6249
6230
6247
6228
6230
6226
6228
6224
6226
6222
6239
6220
6237
6218
6220
6216
6218
6214
6216
6212
6229
6210
6227
6208
6210
6206
6208
6204
6206
6202
6219
6200
6217
6198
6200
6196
6198
6194
6196
6192
6209
6190
6207
6188
6190
6186
6188
6184
6186
6182
6199
6180
6197
6178
6180
6176
6178
6174
6176
6172
6189
6170
6187
6168
6170
6166
6168
6164
6166
6162
6179
6160
6177
6158
6160
6156
6158
6154
6156
6152
6169
6150
6167
6148
6150
6146
6148
6144
6146
6142
6159
6140
6157
6138
6140
6136
6138
6134
6136
6132
6149
6130
6147
6128
6130
6126
6128
6124
6126
6122
6139
6120
6137
6118
6120
6116
6118
6114
6116
6112
6129
6110
6127
6108
6110
6106
6108
6104
6106
6102
6119
6100
6117
6098
6100
6096
6098
6094
6096
6092
6109
6090
6107
6088
6090
6086
6088
6084
6086
6082
6099
6080
6097
6078
6080
6076
6078
6074
6076
6072
6089
6070
6087
6068
6070
6066
6068
6064
6066
6062
6079
6060
6077
6058
6060
6056
6058
6054
6056
6052
6069
6050
6067
6048
6050
6046
6048
6044
6046
6042
6059
6040
6057
6038
6040
6036
6038
6034
6036
6032
6049
6030
6047
6028
6030
6026
6028
6024
6026
6022
6039
6020
6037
6018
6020
6016
6018
6014
6016
6012
6029
6010
6027
6008
6010
6006
6008
6004
6006
6002
6019
6000
6017
5998
6000
5996
5998
5994
5996
5992
6009
5990
6007
5988
5990
5986
5988
5984
5986
5982
5999
5980
5997
5978
5980
5976
5978
5974
5976
5972
5989
5970
5987
5968
5970
5966
5968
5964
5966
5962
5979
5960
5977
5958
5960
5956
5958
5954
5956
5952
5969
5950
5967
5948
5950
5946
5948
5944
5946
5942
5959
5940
5957
5938
5940
5936
5938
5934
5936
5932
5949
5930
5947
5928
5930
5926
5928
5924
5926
5922
5939
5920
5937
5918
5920
5916
5918
5914
5916
5912
5929
5910
5927
5908
5910
5906
5908
5904
5906
5902
5919
5900
5917
5898
5900
5896
5898
5894
5896
5892
5909
5890
5907
5888
5890
5886
5888
5884
5886
5882
5899
5880
5897
5878
5880
5876
5878
5874
5876
5872
5889
5870
5887
5868
5870
5866
5868
5864
5866
5862
5879
5860
5877
5858
5860
5856
5858
5854
5856
5852
5869
5850
5867
5848
5850
5846
5848
5844
5846
5842
5859
5840
5857
5838
5840
5836
5838
5834
5836
5832
5849
5830
5847
5828
5830
5826
5828
5824
5826
5822
5839
5820
5837
5818
5820
5816
5818
5814
5816
5812
5829
5810
5827
5808
5810
5806
5808
5804
5806
5802
5819
5800
5817
5798
5800
5796
5798
5794
5796
5792
5809
5790
5807
5788
5790
5786
5788
5784
5786
5782
5799
5780
5797
5778
5780
5776
5778
5774
5776
5772
5789
5770
5787
5768
5770
5766
5768
5764
5766
5762
5779
5760
5777
5758
5760
5756
5758
5754
5756
5752
5769
5750
5767
5748
5750
5746
5748
5744
5746
5742
5759
5740
5757
5738
5740
5736
5738
5734
5736
5732
5749
5730
5747
5728
5730
5726
5728
5724
5726
5722
5739
5720
5737
5718
5720
5716
5718
5714
5716
5712
5729
5710
5727
5708
5710
5706
5708
5704
5706
5702
5719
5700
5717
5698
5700
5696
5698
5694
5696
5692
5709
5690
5707
5688
5690
5686
5688
5684
5686
5682
5699
5680
5697
5678
5680
5676
5678
5674
5676
5672
5689
5670
5687
5668
5670
5666
5668
5664
5666
5662
5679
5660
5677
5658
5660
5656
5658
5654
5656
5652
5669
5650
5667
5648
5650
5646
5648
5644
5646
5642
5659
5640
5657
5638
5640
5636
5638
5634
5636
5632
5649
5630
5647
5628
5630
5626
5628
5624
5626
5622
5639
5620
5637
5618
5620
5616
5618
5614
5616
5612
5629
5610
5627
5608
5610
5606
5608
5604
5606
5602
5619
5600
5617
5598
5600
5596
5598
5594
5596
5592
5609
5590
5607
5588
5590
5586
5588
5584
5586
5582
5599
5580
5597
5578
5580
5576
5578
5574
5576
5572
5589
5570
5587
5568
5570
5566
5568
5564
5566
5562
5579
5560
5577
5558
5560
5556
5558
5554
5556
5552
5569
5550
5567
5548
5550
5546
5548
5544
5546
5542
5559
5540
5557
5538
5540
5536
5538
5534
5536
5532
5549
5530
5547
5528
5530
5526
5528
5524
5526
5522
5539
5520
5537
5518
5520
5516
5518
5514
5516
5512
5529
5510
5527
5508
5510
5506
5508
5504
5506
5502
5519
5500
5517
5498
5500
5496
5498
5494
5496
5492
5509
5490
5507
5488
5490
5486
5488
5484
5486
5482
5499
5480
5497
5478
5480
5476
5478
5474
5476
5472
5489
5470
5487
5468
5470
5466
5468
5464
5466
5462
5479
5460
5477
5458
5460
5456
5458
5454
5456
5452
5469
5450
5467
5448
5450
5446
5448
5444
5446
5442
5459
5440
5457
5438
5440
5436
5438
5434
5436
5432
5449
5430
5447
5428
5430
5426
5428
5424
5426
5422
5439
5420
5437
5418
5420
5416
5418
5414
5416
5412
5429
5410
5427
5408
5410
5406
5408
5404
5406
5402
5419
5400
5417
5398
5400
5396
5398
5394
5396
5392
5409
5390
5407
5388
5390
5386
5388
5384
5386
5382
5399
5380
5397
5378
5380
5376
5378
5374
5376
5372
5389
5370
5387
5368
5370
5366
5368
5364
5366
5362
5379
5360
5377
5358
5360
5356
5358
5354
5356
5352
5369
5350
5367
5348
5350
5346
5348
5344
5346
5342
5359
5340
5357
5338
5340
5336
5338
5334
5336
5332
5349
5330
5347
5328
5330
5326
5328
5324
5326
5322
5339
5320
5337
5318
5320
5316
5318
5314
5316
5312
5329
5310
5327
5308
5310
5306
5308
5304
5306
5302
5319
5300
5317
5298
5300
5296
5298
5294
5296
5292
5309
5290
5307
5288
5290
5286
5288
5284
5286
5282
5299
5280
5297
5278
5280
5276
5278
5274
5276
5272
5289
5270
5287
5268
5270
5266
5268
5264
5266
5262
5279
5260
5277
5258
5260
5256
5258
5254
5256
5252
5269
5250
5267
5248
5250
5246
5248
5244
5246
5242
5259
5240
5257
5238
5240
5236
5238
5234
5236
5232
5249
5230
5247
5228
5230
5226
5228
5224
5226
5222
5239
5220
5237
5218
5220
5216
5218
5214
5216
5212
5229
5210
5227
5208
5210
5206
5208
5204
5206
5202
5219
5200
5217
5198
5200
5196
5198
5194
5196
5192
5209
5190
5207
5188
5190
5186
5188
5184
5186
5182
5199
5180
5197
5178
5180
5176
5178
5174
5176
5172
5189
5170
5187
5168
5170
5166
5168
5164
5166
5162
5179
5160
5177
5158
5160
5156
5158
5154
5156
5152
5169
5150
5167
5148
5150
5146
5148
5144
5146
5142
5159
5140
5157
5138
5140
5136
5138
5134
5136
5132
5149
5130
5147
5128
5130
5126
5128
5124
5126
5122
5139
5120
5137
5118
5120
5116
5118
5114
5116
5112
5129
5110
5127
5108
5110
5106
5108
5104
5106
5102
5119
5100
5117
5098
5100
5096
5098
5094
5096
5092
5109
5090
5107
5088
5090
5086
5088
5084
5086
5082
5099
5080
5097
5078
5080
5076
5078
5074
5076
5072
5089
5070
5087
5068
5070
5066
5068
5064
5066
5062
5079
5060
5077
5058
5060
5056
5058
5054
5056
5052
5069
5050
5067
5048
5050
5046
5048
5044
5046
5042
5059
5040
5057
5038
5040
5036
5038
5034
5036
5032
5049
5030
5047
5028
5030
5026
5028
5024
5026
5022
5039
5020
5037
5018
5020
5016
5018
5014
5016
5012
5029
5010
5027
5008
5010
5006
5008
5004
5006
5002
5019
5000
5017
4998
5000
4996
4998
4994
4996
4992
5009
4990
5007
4988
4990
4986
4988
4984
4986
4982
4999
4980
4997
4978
4980
4976
4978
4974
4976
4972
4989
4970
4987
4968
4970
4966
4968
4964
4966
4962
4979
4960
4977
4958
4960
4956
4958
4954
4956
4952
4969
4950
4967
4948
4950
4946
4948
4944
4946
4942
4959
4940
4957
4938
4940
4936
4938
4934
4936
4932
4949
4930
4947
4928
4930
4926
4928
4924
4926
4922
4939
4920
4937
4918
4920
4916
4918
4914
4916
4912
4929
4910
4927
4908
4910
4906
4908
4904
4906
4902
4919
4900
4917
4898
4900
4896
4898
4894
4896
4892
4909
4890
4907
4888
4890
4886
4888
4884
4886
4882
4899
4880
4897
4878
4880
4876
4878
4874
4876
4872
4889
4870
4887
4868
4870
4866
4868
4864
4866
4862
4879
4860
4877
4858
4860
4856
4858
4854
4856
4852
4869
4850
4867
4848
4850
4846
4848
4844
4846
4842
4859
4840
4857
4838
4840
4836
4838
4834
4836
4832
4849
4830
4847
4828
4830
4826
4828
4824
4826
4822
4839
4820
4837
4818
4820
4816
4818
4814
4816
4812
4829
4810
4827
4808
4810
4806
4808
4804
4806
4802
4819
4800
4817
4798
4800
4796
4798
4794
4796
4792
4809
4790
4807
4788
4790
4786
4788
4784
4786
4782
4799
4780
4797
4778
4780
4776
4778
4774
4776
4772
4789
4770
4787
4768
4770
4766
4768
4764
4766
4762
4779
4760
4777
4758
4760
4756
4758
4754
4756
4752
4769
4750
4767
4748
4750
4746
4748
4744
4746
4742
4759
4740
4757
4738
4740
4736
4738
4734
4736
4732
4749
4730
4747
4728
4730
4726
4728
4724
4726
4722
4739
4720
4737
4718
4720
4716
4718
4714
4716
4712
4729
4710
4727
4708
4710
4706
4708
4704
4706
4702
4719
4700
4717
4698
4700
4696
4698
4694
4696
4692
4709
4690
4707
4688
4690
4686
4688
4684
4686
4682
4699
4680
4697
4678
4680
4676
4678
4674
4676
4672
4689
4670
4687
4668
4670
4666
4668
4664
4666
4662
4679
4660
4677
4658
4660
4656
4658
4654
4656
4652
4669
4650
4667
4648
4650
4646
4648
4644
4646
4642
4659
4640
4657
4638
4640
4636
4638
4634
4636
4632
4649
4630
4647
4628
4630
4626
4628
4624
4626
4622
4639
4620
4637
4618
4620
4616
4618
4614
4616
4612
4629
4610
4627
4608
4610
4606
4608
4604
4606
4602
4619
4600
4617
4598
4600
4596
4598
4594
4596
4592
4609
4590
4607
4588
4590
4586
4588
4584
4586
4582
4599
4580
4597
4578
4580
4576
4578
4574
4576
4572
4589
4570
4587
4568
4570
4566
4568
4564
4566
4562
4579
4560
4577
4558
4560
4556
4558
4554
4556
4552
4569
4550
4567
4548
4550
4546
4548
4544
4546
4542
4559
4540
4557
4538
4540
4536
4538
4534
4536
4532
4549
4530
4547
4528
4530
4526
4528
4524
4526
4522
4539
4520
4537
4518
4520
4516
4518
4514
4516
4512
4529
4510
4527
4508
4510
4506
4508
4504
4506
4502
4519
4500
4517
4498
4500
4496
4498
4494
4496
4492
4509
4490
4507
4488
4490
4486
4488
4484
4486
4482
4499
4480
4497
4478
4480
4476
4478
4474
4476
4472
4489
4470
4487
4468
4470
4466
4468
4464
4466
4462
4479
4460
4477
4458
4460
4456
4458
4454
4456
4452
4469
4450
4467
4448
4450
4446
4448
4444
4446
4442
4459
4440
4457
4438
4440
4436
4438
4434
4436
4432
4449
4430
4447
4428
4430
4426
4428
4424
4426
4422
4439
4420
4437
4418
4420
4416
4418
4414
4416
4412
4429
4410
4427
4408
4410
4406
4408
4404
4406
4402
4419
4400
4417
4398
4400
4396
4398
4394
4396
4392
4409
4390
4407
4388
4390
4386
4388
4384
4386
4382
4399
4380
4397
4378
4380
4376
4378
4374
4376
4372
4389
4370
4387
4368
4370
4366
4368
4364
4366
4362
4379
4360
4377
4358
4360
4356
4358
4354
4356
4352
4369
4350
4367
4348
4350
4346
4348
4344
4346
4342
4359
4340
4357
4338
4340
4336
4338
4334
4336
4332
4349
4330
4347
4328
4330
4326
4328
4324
4326
4322
4339
4320
4337
4318
4320
4316
4318
4314
4316
4312
4329
4310
4327
4308
4310
4306
4308
4304
4306
4302
4319
4300
4317
4298
4300
4296
4298
4294
4296
4292
4309
4290
4307
4288
4290
4286
4288
4284
4286
4282
4299
4280
4297
4278
4280
4276
4278
4274
4276
4272
4289
4270
4287
4268
4270
4266
4268
4264
4266
4262
4279
4260
4277
4258
4260
4256
4258
4254
4256
4252
4269
4250
4267
4248
4250
4246
4248
4244
4246
4242
4259
4240
4257
4238
4240
4236
4238
4234
4236
4232
4249
4230
4247
4228
4230
4226
4228
4224
4226
4222
4239
4220
4237
4218
4220
4216
4218
4214
4216
4212
4229
4210
4227
4208
4210
4206
4208
4204
4206
4202
4219
4200
4217
4198
4200
4196
4198
4194
4196
4192
4209
4190
4207
4188
4190
4186
4188
4184
4186
4182
4199
4180
4197
4178
4180
4176
4178
4174
4176
4172
4189
4170
4187
4168
4170
4166
4168
4164
4166
4162
4179
4160
4177
4158
4160
4156
4158
4154
4156
4152
4169
4150
4167
4148
4150
4146
4148
4144
4146
4142
4159
4140
4157
4138
4140
4136
4138
4134
4136
4132
4149
4130
4147
4128
4130
4126
4128
4124
4126
4122
4139
4120
4137
4118
4120
4116
4118
4114
4116
4112
4129
4110
4127
4108
4110
4106
4108
4104
4106
4102
4119
4100
4117
4098
4100
4096
4098
4094
4096
4092
4109
4090
4107
4088
4090
4086
4088
4084
4086
4082
4099
4080
4097
4078
4080
4076
4078
4074
4076
4072
4089
4070
4087
4068
4070
4066
4068
4064
4066
4062
4079
4060
4077
4058
4060
4056
4058
4054
4056
4052
4069
4050
4067
4048
4050
4046
4048
4044
4046
4042
4059
4040
4057
4038
4040
4036
4038
4034
4036
4032
4049
4030
4047
4028
4030
4026
4028
4024
4026
4022
4039
4020
4037
4018
4020
4016
4018
4014
4016
4012
4029
4010
4027
4008
4010
4006
4008
4004
4006
4002
4019
4000
4017
3998
4000
3996
3998
3994
3996
3992
4009
3990
4007
3988
3990
3986
3988
3984
3986
3982
3999
3980
3997
3978
3980
3976
3978
3974
3976
3972
3989
3970
3987
3968
3970
3966
3968
3964
3966
3962
3979
3960
3977
3958
3960
3956
3958
3954
3956
3952
3969
3950
3967
3948
3950
3946
3948
3944
3946
3942
3959
3940
3957
3938
3940
3936
3938
3934
3936
3932
3949
3930
3947
3928
3930
3926
3928
3924
3926
3922
3939
3920
3937
3918
3920
3916
3918
3914
3916
3912
3929
3910
3927
3908
3910
3906
3908
3904
3906
3902
3919
3900
3917
3898
3900
3896
3898
3894
3896
3892
3909
3890
3907
3888
3890
3886
3888
3884
3886
3882
3899
3880
3897
3878
3880
3876
3878
3874
3876
3872
3889
3870
3887
3868
3870
3866
3868
3864
3866
3862
3879
3860
3877
3858
3860
3856
3858
3854
3856
3852
3869
3850
3867
3848
3850
3846
3848
3844
3846
3842
3859
3840
3857
3838
3840
3836
3838
3834
3836
3832
3849
3830
3847
3828
3830
3826
3828
3824
3826
3822
3839
3820
3837
3818
3820
3816
3818
3814
3816
3812
3829
3810
3827
3808
3810
3806
3808
3804
3806
3802
3819
3800
3817
3798
3800
3796
3798
3794
3796
3792
3809
3790
3807
3788
3790
3786
3788
3784
3786
3782
3799
3780
3797
3778
3780
3776
3778
3774
3776
3772
3789
3770
3787
3768
3770
3766
3768
3764
3766
3762
3779
3760
3777
3758
3760
3756
3758
3754
3756
3752
3769
3750
3767
3748
3750
3746
3748
3744
3746
3742
3759
3740
3757
3738
3740
3736
3738
3734
3736
3732
3749
3730
3747
3728
3730
3726
3728
3724
3726
3722
3739
3720
3737
3718
3720
3716
3718
3714
3716
3712
3729
3710
3727
3708
3710
3706
3708
3704
3706
3702
3719
3700
3717
3698
3700
3696
3698
3694
3696
3692
3709
3690
3707
3688
3690
3686
3688
3684
3686
3682
3699
3680
3697
3678
3680
3676
3678
3674
3676
3672
3689
3670
3687
3668
3670
3666
3668
3664
3666
3662
3679
3660
3677
3658
3660
3656
3658
3654
3656
3652
3669
3650
3667
3648
3650
3646
3648
3644
3646
3642
3659
3640
3657
3638
3640
3636
3638
3634
3636
3632
3649
3630
3647
3628
3630
3626
3628
3624
3626
3622
3639
3620
3637
3618
3620
3616
3618
3614
3616
3612
3629
3610
3627
3608
3610
3606
3608
3604
3606
3602
3619
3600
3617
3598
3600
3596
3598
3594
3596
3592
3609
3590
3607
3588
3590
3586
3588
3584
3586
3582
3599
3580
3597
3578
3580
3576
3578
3574
3576
3572
3589
3570
3587
3568
3570
3566
3568
3564
3566
3562
3579
3560
3577
3558
3560
3556
3558
3554
3556
3552
3569
3550
3567
3548
3550
3546
3548
3544
3546
3542
3559
3540
3557
3538
3540
3536
3538
3534
3536
3532
3549
3530
3547
3528
3530
3526
3528
3524
3526
3522
3539
3520
3537
3518
3520
3516
3518
3514
3516
3512
3529
3510
3527
3508
3510
3506
3508
3504
3506
3502
3519
3500
3517
3498
3500
3496
3498
3494
3496
3492
3509
3490
3507
3488
3490
3486
3488
3484
3486
3482
3499
3480
3497
3478
3480
3476
3478
3474
3476
3472
3489
3470
3487
3468
3470
3466
3468
3464
3466
3462
3479
3460
3477
3458
3460
3456
3458
3454
3456
3452
3469
3450
3467
3448
3450
3446
3448
3444
3446
3442
3459
3440
3457
3438
3440
3436
3438
3434
3436
3432
3449
3430
3447
3428
3430
3426
3428
3424
3426
3422
3439
3420
3437
3418
3420
3416
3418
3414
3416
3412
3429
3410
3427
3408
3410
3406
3408
3404
3406
3402
3419
3400
3417
3398
3400
3396
3398
3394
3396
3392
3409
3390
3407
3388
3390
3386
3388
3384
3386
3382
3399
3380
3397
3378
3380
3376
3378
3374
3376
3372
3389
3370
3387
3368
3370
3366
3368
3364
3366
3362
3379
3360
3377
3358
3360
3356
3358
3354
3356
3352
3369
3350
3367
3348
3350
3346
3348
3344
3346
3342
3359
3340
3357
3338
3340
3336
3338
3334
3336
3332
3349
3330
3347
3328
3330
3326
3328
3324
3326
3322
3339
3320
3337
3318
3320
3316
3318
3314
3316
3312
3329
3310
3327
3308
3310
3306
3308
3304
3306
3302
3319
3300
3317
3298
3300
3296
3298
3294
3296
3292
3309
3290
3307
3288
3290
3286
3288
3284
3286
3282
3299
3280
3297
3278
3280
3276
3278
3274
3276
3272
3289
3270
3287
3268
3270
3266
3268
3264
3266
3262
3279
3260
3277
3258
3260
3256
3258
3254
3256
3252
3269
3250
3267
3248
3250
3246
3248
3244
3246
3242
3259
3240
3257
3238
3240
3236
3238
3234
3236
3232
3249
3230
3247
3228
3230
3226
3228
3224
3226
3222
3239
3220
3237
3218
3220
3216
3218
3214
3216
3212
3229
3210
3227
3208
3210
3206
3208
3204
3206
3202
3219
3200
3217
3198
3200
3196
3198
3194
3196
3192
3209
3190
3207
3188
3190
3186
3188
3184
3186
3182
3199
3180
3197
3178
3180
3176
3178
3174
3176
3172
3189
3170
3187
3168
3170
3166
3168
3164
3166
3162
3179
3160
3177
3158
3160
3156
3158
3154
3156
3152
3169
3150
3167
3148
3150
3146
3148
3144
3146
3142
3159
3140
3157
3138
3140
3136
3138
3134
3136
3132
3149
3130
3147
3128
3130
3126
3128
3124
3126
3122
3139
3120
3137
3118
3120
3116
3118
3114
3116
3112
3129
3110
3127
3108
3110
3106
3108
3104
3106
3102
3119
3100
3117
3098
3100
3096
3098
3094
3096
3092
3109
3090
3107
3088
3090
3086
3088
3084
3086
3082
3099
3080
3097
3078
3080
3076
3078
3074
3076
3072
3089
3070
3087
3068
3070
3066
3068
3064
3066
3062
3079
3060
3077
3058
3060
3056
3058
3054
3056
3052
3069
3050
3067
3048
3050
3046
3048
3044
3046
3042
3059
3040
3057
3038
3040
3036
3038
3034
3036
3032
3049
3030
3047
3028
3030
3026
3028
3024
3026
3022
3039
3020
3037
3018
3020
3016
3018
3014
3016
3012
3029
3010
3027
3008
3010
3006
3008
3004
3006
3002
3019
3000
3017
2998
3000
2996
2998
2994
2996
2992
3009
2990
3007
2988
2990
2986
2988
2984
2986
2982
2999
2980
2997
2978
2980
2976
2978
2974
2976
2972
2989
2970
2987
2968
2970
2966
2968
2964
2966
2962
2979
2960
2977
2958
2960
2956
2958
2954
2956
2952
2969
2950
2967
2948
2950
2946
2948
2944
2946
2942
2959
2940
2957
2938
2940
2936
2938
2934
2936
2932
2949
2930
2947
2928
2930
2926
2928
2924
2926
2922
2939
2920
2937
2918
2920
2916
2918
2914
2916
2912
2929
2910
2927
2908
2910
2906
2908
2904
2906
2902
2919
2900
2917
2898
2900
2896
2898
2894
2896
2892
2909
2890
2907
2888
2890
2886
2888
2884
2886
2882
2899
2880
2897
2878
2880
2876
2878
2874
2876
2872
2889
2870
2887
2868
2870
2866
2868
2864
2866
2862
2879
2860
2877
2858
2860
2856
2858
2854
2856
2852
2869
2850
2867
2848
2850
2846
2848
2844
2846
2842
2859
2840
2857
2838
2840
2836
2838
2834
2836
2832
2849
2830
2847
2828
2830
2826
2828
2824
2826
2822
2839
2820
2837
2818
2820
2816
2818
2814
2816
2812
2829
2810
2827
2808
2810
2806
2808
2804
2806
2802
2819
2800
2817
2798
2800
2796
2798
2794
2796
2792
2809
2790
2807
2788
2790
2786
2788
2784
2786
2782
2799
2780
2797
2778
2780
2776
2778
2774
2776
2772
2789
2770
2787
2768
2770
2766
2768
2764
2766
2762
2779
2760
2777
2758
2760
2756
2758
2754
2756
2752
2769
2750
2767
2748
2750
2746
2748
2744
2746
2742
2759
2740
2757
2738
2740
2736
2738
2734
2736
2732
2749
2730
2747
2728
2730
2726
2728
2724
2726
2722
2739
2720
2737
2718
2720
2716
2718
2714
2716
2712
2729
2710
2727
2708
2710
2706
2708
2704
2706
2702
2719
2700
2717
2698
2700
2696
2698
2694
2696
2692
2709
2690
2707
2688
2690
2686
2688
2684
2686
2682
2699
2680
2697
2678
2680
2676
2678
2674
2676
2672
2689
2670
2687
2668
2670
2666
2668
2664
2666
2662
2679
2660
2677
2658
2660
2656
2658
2654
2656
2652
2669
2650
2667
2648
2650
2646
2648
2644
2646
2642
2659
2640
2657
2638
2640
2636
2638
2634
2636
2632
2649
2630
2647
2628
2630
2626
2628
2624
2626
2622
2639
2620
2637
2618
2620
2616
2618
2614
2616
2612
2629
2610
2627
2608
2610
2606
2608
2604
2606
2602
2619
2600
2617
2598
2600
2596
2598
2594
2596
2592
2609
2590
2607
2588
2590
2586
2588
2584
2586
2582
2599
2580
2597
2578
2580
2576
2578
2574
2576
2572
2589
2570
2587
2568
2570
2566
2568
2564
2566
2562
2579
2560
2577
2558
2560
2556
2558
2554
2556
2552
2569
2550
2567
2548
2550
2546
2548
2544
2546
2542
2559
2540
2557
2538
2540
2536
2538
2534
2536
2532
2549
2530
2547
2528
2530
2526
2528
2524
2526
2522
2539
2520
2537
2518
2520
2516
2518
2514
2516
2512
2529
2510
2527
2508
2510
2506
2508
2504
2506
2502
2519
2500
2517
2498
2500
2496
2498
2494
2496
2492
2509
2490
2507
2488
2490
2486
2488
2484
2486
2482
2499
2480
2497
2478
2480
2476
2478
2474
2476
2472
2489
2470
2487
2468
2470
2466
2468
2464
2466
2462
2479
2460
2477
2458
2460
2456
2458
2454
2456
2452
2469
2450
2467
2448
2450
2446
2448
2444
2446
2442
2459
2440
2457
2438
2440
2436
2438
2434
2436
2432
2449
2430
2447
2428
2430
2426
2428
2424
2426
2422
2439
2420
2437
2418
2420
2416
2418
2414
2416
2412
2429
2410
2427
2408
2410
2406
2408
2404
2406
2402
2419
2400
2417
2398
2400
2396
2398
2394
2396
2392
2409
2390
2407
2388
2390
2386
2388
2384
2386
2382
2399
2380
2397
2378
2380
2376
2378
2374
2376
2372
2389
2370
2387
2368
2370
2366
2368
2364
2366
2362
2379
2360
2377
2358
2360
2356
2358
2354
2356
2352
2369
2350
2367
2348
2350
2346
2348
2344
2346
2342
2359
2340
2357
2338
2340
2336
2338
2334
2336
2332
2349
2330
2347
2328
2330
2326
2328
2324
2326
2322
2339
2320
2337
2318
2320
2316
2318
2314
2316
2312
2329
2310
2327
2308
2310
2306
2308
2304
2306
2302
2319
2300
2317
2298
2300
2296
2298
2294
2296
2292
2309
2290
2307
2288
2290
2286
2288
2284
2286
2282
2299
2280
2297
2278
2280
2276
2278
2274
2276
2272
2289
2270
2287
2268
2270
2266
2268
2264
2266
2262
2279
2260
2277
2258
2260
2256
2258
2254
2256
2252
2269
2250
2267
2248
2250
2246
2248
2244
2246
2242
2259
2240
2257
2238
2240
2236
2238
2234
2236
2232
2249
2230
2247
2228
2230
2226
2228
2224
2226
2222
2239
2220
2237
2218
2220
2216
2218
2214
2216
2212
2229
2210
2227
2208
2210
2206
2208
2204
2206
2202
2219
2200
2217
2198
2200
2196
2198
2194
2196
2192
2209
2190
2207
2188
2190
2186
2188
2184
2186
2182
2199
2180
2197
2178
2180
2176
2178
2174
2176
2172
2189
2170
2187
2168
2170
2166
2168
2164
2166
2162
2179
2160
2177
2158
2160
2156
2158
2154
2156
2152
2169
2150
2167
2148
2150
2146
2148
2144
2146
2142
2159
2140
2157
2138
2140
2136
2138
2134
2136
2132
2149
2130
2147
2128
2130
2126
2128
2124
2126
2122
2139
2120
2137
2118
2120
2116
2118
2114
2116
2112
2129
2110
2127
2108
2110
2106
2108
2104
2106
2102
2119
2100
2117
2098
2100
2096
2098
2094
2096
2092
2109
2090
2107
2088
2090
2086
2088
2084
2086
2082
2099
2080
2097
2078
2080
2076
2078
2074
2076
2072
2089
2070
2087
2068
2070
2066
2068
2064
2066
2062
2079
2060
2077
2058
2060
2056
2058
2054
2056
2052
2069
2050
2067
2048
2050
2046
2048
2044
2046
2042
2059
2040
2057
2038
2040
2036
2038
2034
2036
2032
2049
2030
2047
2028
2030
2026
2028
2024
2026
2022
2039
2020
2037
2018
2020
2016
2018
2014
2016
2012
2029
2010
2027
2008
2010
2006
2008
2004
2006
2002
2019
2000
2017
1998
2000
1996
1998
1994
1996
1992
2009
1990
2007
1988
1990
1986
1988
1984
1986
1982
1999
1980
1997
1978
1980
1976
1978
1974
1976
1972
1989
1970
1987
1968
1970
1966
1968
1964
1966
1962
1979
1960
1977
1958
1960
1956
1958
1954
1956
1952
1969
1950
1967
1948
1950
1946
1948
1944
1946
1942
1959
1940
1957
1938
1940
1936
1938
1934
1936
1932
1949
1930
1947
1928
1930
1926
1928
1924
1926
1922
1939
1920
1937
1918
1920
1916
1918
1914
1916
1912
1929
1910
1927
1908
1910
1906
1908
1904
1906
1902
1919
1900
1917
1898
1900
1896
1898
1894
1896
1892
1909
1890
1907
1888
1890
1886
1888
1884
1886
1882
1899
1880
1897
1878
1880
1876
1878
1874
1876
1872
1889
1870
1887
1868
1870
1866
1868
1864
1866
1862
1879
1860
1877
1858
1860
1856
1858
1854
1856
1852
1869
1850
1867
1848
1850
1846
1848
1844
1846
1842
1859
1840
1857
1838
1840
1836
1838
1834
1836
1832
1849
1830
1847
1828
1830
1826
1828
1824
1826
1822
1839
1820
1837
1818
1820
1816
1818
1814
1816
1812
1829
1810
1827
1808
1810
1806
1808
1804
1806
1802
1819
1800
1817
1798
1800
1796
1798
1794
1796
1792
1809
1790
1807
1788
1790
1786
1788
1784
1786
1782
1799
1780
1797
1778
1780
1776
1778
1774
1776
1772
1789
1770
1787
1768
1770
1766
1768
1764
1766
1762
1779
1760
1777
1758
1760
1756
1758
1754
1756
1752
1769
1750
1767
1748
1750
1746
1748
1744
1746
1742
1759
1740
1757
1738
1740
1736
1738
1734
1736
1732
1749
1730
1747
1728
1730
1726
1728
1724
1726
1722
1739
1720
1737
1718
1720
1716
1718
1714
1716
1712
1729
1710
1727
1708
1710
1706
1708
1704
1706
1702
1719
1700
1717
1698
1700
1696
1698
1694
1696
1692
1709
1690
1707
1688
1690
1686
1688
1684
1686
1682
1699
1680
1697
1678
1680
1676
1678
1674
1676
1672
1689
1670
1687
1668
1670
1666
1668
1664
1666
1662
1679
1660
1677
1658
1660
1656
1658
1654
1656
1652
1669
1650
1667
1648
1650
1646
1648
1644
1646
1642
1659
1640
1657
1638
1640
1636
1638
1634
1636
1632
1649
1630
1647
1628
1630
1626
1628
1624
1626
1622
1639
1620
1637
1618
1620
1616
1618
1614
1616
1612
1629
1610
1627
1608
1610
1606
1608
1604
1606
1602
1619
1600
1617
1598
1600
1596
1598
1594
1596
1592
1609
1590
1607
1588
1590
1586
1588
1584
1586
1582
1599
1580
1597
1578
1580
1576
1578
1574
1576
1572
1589
1570
1587
1568
1570
1566
1568
1564
1566
1562
1579
1560
1577
1558
1560
1556
1558
1554
1556
1552
1569
1550
1567
1548
1550
1546
1548
1544
1546
1542
1559
1540
1557
1538
1540
1536
1538
1534
1536
1532
1549
1530
1547
1528
1530
1526
1528
1524
1526
1522
1539
1520
1537
1518
1520
1516
1518
1514
1516
1512
1529
1510
1527
1508
1510
1506
1508
1504
1506
1502
1519
1500
1517
1498
1500
1496
1498
1494
1496
1492
1509
1490
1507
1488
1490
1486
1488
1484
1486
1482
1499
1480
1497
1478
1480
1476
1478
1474
1476
1472
1489
1470
1487
1468
1470
1466
1468
1464
1466
1462
1479
1460
1477
1458
1460
1456
1458
1454
1456
1452
1469
1450
1467
1448
1450
1446
1448
1444
1446
1442
1459
1440
1457
1438
1440
1436
1438
1434
1436
1432
1449
1430
1447
1428
1430
1426
1428
1424
1426
1422
1439
1420
1437
1418
1420
1416
1418
1414
1416
1412
1429
1410
1427
1408
1410
1406
1408
1404
1406
1402
1419
1400
1417
1398
1400
1396
1398
1394
1396
1392
1409
1390
1407
1388
1390
1386
1388
1384
1386
1382
1399
1380
1397
1378
1380
1376
1378
1374
1376
1372
1389
1370
1387
1368
1370
1366
1368
1364
1366
1362
1379
1360
1377
1358
1360
1356
1358
1354
1356
1352
1369
1350
1367
1348
1350
1346
1348
1344
1346
1342
1359
1340
1357
1338
1340
1336
1338
1334
1336
1332
1349
1330
1347
1328
1330
1326
1328
1324
1326
1322
1339
1320
1337
1318
1320
1316
1318
1314
1316
1312
1329
1310
1327
1308
1310
1306
1308
1304
1306
1302
1319
1300
1317
1298
1300
1296
1298
1294
1296
1292
1309
1290
1307
1288
1290
1286
1288
1284
1286
1282
1299
1280
1297
1278
1280
1276
1278
1274
1276
1272
1289
1270
1287
1268
1270
1266
1268
1264
1266
1262
1279
1260
1277
1258
1260
1256
1258
1254
1256
1252
1269
1250
1267
1248
1250
1246
1248
1244
1246
1242
1259
1240
1257
1238
1240
1236
1238
1234
1236
1232
1249
1230
1247
1228
1230
1226
1228
1224
1226
1222
1239
1220
1237
1218
1220
1216
1218
1214
1216
1212
1229
1210
1227
1208
1210
1206
1208
1204
1206
1202
1219
1200
1217
1198
1200
1196
1198
1194
1196
1192
1209
1190
1207
1188
1190
1186
1188
1184
1186
1182
1199
1180
1197
1178
1180
1176
1178
1174
1176
1172
1189
1170
1187
1168
1170
1166
1168
1164
1166
1162
1179
1160
1177
1158
1160
1156
1158
1154
1156
1152
1169
1150
1167
1148
1150
1146
1148
1144
1146
1142
1159
1140
1157
1138
1140
1136
1138
1134
1136
1132
1149
1130
1147
1128
1130
1126
1128
1124
1126
1122
1139
1120
1137
1118
1120
1116
1118
1114
1116
1112
1129
1110
1127
1108
1110
1106
1108
1104
1106
1102
1119
1100
1117
1098
1100
1096
1098
1094
1096
1092
1109
1090
1107
1088
1090
1086
1088
1084
1086
1082
1099
1080
1097
1078
1080
1076
1078
1074
1076
1072
1089
1070
1087
1068
1070
1066
1068
1064
1066
1062
1079
1060
1077
1058
1060
1056
1058
1054
1056
1052
1069
1050
1067
1048
1050
1046
1048
1044
1046
1042
1059
1040
1057
1038
1040
1036
1038
1034
1036
1032
1049
1030
1047
1028
1030
1026
1028
1024
1026
1022
1039
1020
1037
1018
1020
1016
1018
1014
1016
1012
1029
1010
1027
1008
1010
1006
1008
1004
1006
1002
1019
1000
1017
998
1000
996
998
994
996
992
1009
990
1007
988
990
986
988
984
986
982
999
980
997
978
980
976
978
974
976
972
989
970
987
968
970
966
968
964
966
962
979
960
977
958
960
956
958
954
956
952
969
950
967
948
950
946
948
944
946
942
959
940
957
938
940
936
938
934
936
932
949
930
947
928
930
926
928
924
926
922
939
920
937
918
920
916
918
914
916
912
929
910
927
908
910
906
908
904
906
902
919
900
917
898
900
896
898
894
896
892
909
890
907
888
890
886
888
884
886
882
899
880
897
878
880
876
878
874
876
872
889
870
887
868
870
866
868
864
866
862
879
860
877
858
860
856
858
854
856
852
869
850
867
848
850
846
848
844
846
842
859
840
857
838
840
836
838
834
836
832
849
830
847
828
830
826
828
824
826
822
839
820
837
818
820
816
818
814
816
812
829
810
827
808
810
806
808
804
806
802
819
800
817
798
800
796
798
794
796
792
809
790
807
788
790
786
788
784
786
782
799
780
797
778
780
776
778
774
776
772
789
770
787
768
770
766
768
764
766
762
779
760
777
758
760
756
758
754
756
752
769
750
767
748
750
746
748
744
746
742
759
740
757
738
740
736
738
734
736
732
749
730
747
728
730
726
728
724
726
722
739
720
737
718
720
716
718
714
716
712
729
710
727
708
710
706
708
704
706
702
719
700
717
698
700
696
698
694
696
692
709
690
707
688
690
686
688
684
686
682
699
680
697
678
680
676
678
674
676
672
689
670
687
668
670
666
668
664
666
662
679
660
677
658
660
656
658
654
656
652
669
650
667
648
650
646
648
644
646
642
659
640
657
638
640
636
638
634
636
632
649
630
647
628
630
626
628
624
626
622
639
620
637
618
620
616
618
614
616
612
629
610
627
608
610
606
608
604
606
602
619
600
617
598
600
596
598
594
596
592
609
590
607
588
590
586
588
584
586
582
599
580
597
578
580
576
578
574
576
572
589
570
587
568
570
566
568
564
566
562
579
560
577
558
560
556
558
554
556
552
569
550
567
548
550
546
548
544
546
542
559
540
557
538
540
536
538
534
536
532
549
530
547
528
530
526
528
524
526
522
539
520
537
518
520
516
518
514
516
512
529
510
527
508
510
506
508
504
506
502
519
500
517
498
500
496
498
494
496
492
509
490
507
488
490
486
488
484
486
482
499
480
497
478
480
476
478
474
476
472
489
470
487
468
470
466
468
464
466
462
479
460
477
458
460
456
458
454
456
452
469
450
467
448
450
446
448
444
446
442
459
440
457
438
440
436
438
434
436
432
449
430
447
428
430
426
428
424
426
422
439
420
437
418
420
416
418
414
416
412
429
410
427
408
410
406
408
404
406
402
419
400
417
398
400
396
398
394
396
392
409
390
407
388
390
386
388
384
386
382
399
380
397
378
380
376
378
374
376
372
389
370
387
368
370
366
368
364
366
362
379
360
377
358
360
356
358
354
356
352
369
350
367
348
350
346
348
344
346
342
359
340
357
338
340
336
338
334
336
332
349
330
347
328
330
326
328
324
326
322
339
320
337
318
320
316
318
314
316
312
329
310
327
308
310
306
308
304
306
302
319
300
317
298
300
296
298
294
296
292
309
290
307
288
290
286
288
284
286
282
299
280
297
278
280
276
278
274
276
272
289
270
287
268
270
266
268
264
266
262
279
260
277
258
260
256
258
254
256
252
269
250
267
248
250
246
248
244
246
242
259
240
257
238
240
236
238
234
236
232
249
230
247
228
230
226
228
224
226
222
239
220
237
218
220
216
218
214
216
212
229
210
227
208
210
206
208
204
206
202
219
200
217
198
200
196
198
194
196
192
209
190
207
188
190
186
188
184
186
182
199
180
197
178
180
176
178
174
176
172
189
170
187
168
170
166
168
164
166
162
179
160
177
158
160
156
158
154
156
152
169
150
167
148
150
146
148
144
146
142
159
140
157
138
140
136
138
134
136
132
149
130
147
128
130
126
128
124
126
122
139
120
137
118
120
116
118
114
116
112
129
110
127
108
110
106
108
104
106
102
119
100
117
98
100
96
98
94
96
92
109
90
107
88
90
86
88
84
86
82
99
80
97
78
80
76
78
74
76
72
89
70
87
68
70
66
68
64
66
62
79
60
77
58
60
56
58
54
56
52
69
50
67
48
50
46
48
44
46
42
59
40
57
38
40
36
38
34
36
32
49
30
47
28
30
26
28
24
26
22
39
20
37
18
20
16
18
14
16
12
29
10
27
8
10
6
8
4
6
2
