Filename: rev5K.dat

Sorted Data
1
9
10
22
24
27
42
51
264
269
270
286
289
297
298
629
630
632
640
654
655
664
670
1736
1751
2151
4975
4974
4973
4972
4971
4970
4969
4968
4967
4966
4965
4964
4963
4962
4961
4960
4959
4958
4957
4956
4955
4954
4953
4952
4951
4950
4949
4948
4947
4946
4945
4944
4943
4942
4941
4940
4939
4938
4937
4936
4935
4934
4933
4932
4931
4932
4929
4930
4927
4928
4925
4926
4923
4924
4921
4922
4919
4920
4917
4918
4915
4916
4913
4914
4911
4912
4909
4910
4907
4908
4905
4906
4903
4904
4901
4902
4899
4900
4897
4898
4895
4896
4893
4894
4891
4892
4889
4890
4887
4888
4885
4886
4883
4884
4881
4882
4879
4880
4877
4878
4875
4876
4873
4874
4871
4872
4869
4870
4867
4868
4865
4866
4863
4864
4861
4862
4859
4860
4857
4858
4855
4856
4853
4854
4851
4852
4849
4850
4847
4848
4845
4846
4843
4844
4841
4842
4839
4840
4837
4838
4835
4836
4833
4834
4831
4832
4829
4830
4827
4828
4825
4826
4823
4824
4821
4822
4819
4820
4817
4818
4815
4816
4813
4814
4811
4812
4809
4810
4807
4808
4805
4806
4803
4804
4801
4802
4799
4800
4797
4798
4795
4796
4793
4794
4791
4792
4789
4790
4787
4788
4785
4786
4783
4784
4781
4782
4779
4780
4777
4778
4775
4776
4773
4774
4771
4772
4769
4770
4767
4768
4765
4766
4763
4764
4761
4762
4759
4760
4757
4758
4755
4756
4753
4754
4751
4752
4749
4750
4747
4748
4745
4746
4743
4744
4741
4742
4739
4740
4737
4738
4735
4736
4733
4734
4731
4732
4729
4730
4727
4728
4725
4726
4723
4724
4721
4722
4719
4720
4717
4718
4715
4716
4713
4714
4711
4712
4709
4710
4707
4708
4705
4706
4703
4704
4701
4702
4699
4700
4697
4698
4695
4696
4693
4694
4691
4692
4689
4690
4687
4688
4685
4686
4683
4684
4681
4682
4679
4680
4677
4678
4675
4676
4673
4674
4671
4672
4669
4670
4667
4668
4665
4666
4663
4664
4661
4662
4659
4660
4657
4658
4655
4656
4653
4654
4651
4652
4649
4650
4647
4648
4645
4646
4643
4644
4641
4642
4639
4640
4637
4638
4635
4636
4633
4634
4631
4632
4629
4630
4627
4628
4625
4626
4623
4624
4621
4622
4619
4620
4617
4618
4615
4616
4613
4614
4611
4612
4609
4610
4607
4608
4605
4606
4603
4604
4601
4602
4599
4600
4597
4598
4595
4596
4593
4594
4591
4592
4589
4590
4587
4588
4585
4586
4583
4584
4581
4582
4579
4580
4577
4578
4575
4576
4573
4574
4571
4572
4569
4570
4567
4568
4565
4566
4563
4564
4561
4562
4559
4560
4557
4558
4555
4556
4553
4554
4551
4552
4549
4550
4547
4548
4545
4546
4543
4544
4541
4542
4539
4540
4537
4538
4535
4536
4533
4534
4531
4532
4529
4530
4527
4528
4525
4526
4523
4524
4521
4522
4519
4520
4517
4518
4515
4516
4513
4514
4511
4512
4509
4510
4507
4508
4505
4506
4503
4504
4501
4502
4499
4500
4497
4498
4495
4496
4493
4494
4491
4492
4489
4490
4487
4488
4485
4486
4483
4484
4481
4482
4479
4480
4477
4478
4475
4476
4473
4474
4471
4472
4469
4470
4467
4468
4465
4466
4463
4464
4461
4462
4459
4460
4457
4458
4455
4456
4453
4454
4451
4452
4449
4450
4447
4448
4445
4446
4443
4444
4441
4442
4439
4440
4437
4438
4435
4436
4433
4434
4431
4432
4429
4430
4427
4428
4425
4426
4423
4424
4421
4422
4419
4420
4417
4418
4415
4416
4413
4414
4411
4412
4409
4410
4407
4408
4405
4406
4403
4404
4401
4402
4399
4400
4397
4398
4395
4396
4393
4394
4391
4392
4389
4390
4387
4388
4385
4386
4383
4384
4381
4382
4379
4380
4377
4378
4375
4376
4373
4374
4371
4372
4369
4370
4367
4368
4365
4366
4363
4364
4361
4362
4359
4360
4357
4358
4355
4356
4353
4354
4351
4352
4349
4350
4347
4348
4345
4346
4343
4344
4341
4342
4339
4340
4337
4338
4335
4336
4333
4334
4331
4332
4329
4330
4327
4328
4325
4326
4323
4324
4321
4322
4319
4320
4317
4318
4315
4316
4313
4314
4311
4312
4309
4310
4307
4308
4305
4306
4303
4304
4301
4302
4299
4300
4297
4298
4295
4296
4293
4294
4291
4292
4289
4290
4287
4288
4285
4286
4283
4284
4281
4282
4279
4280
4277
4278
4275
4276
4273
4274
4271
4272
4269
4270
4267
4268
4265
4266
4263
4264
4261
4262
4259
4260
4257
4258
4255
4256
4253
4254
4251
4252
4249
4250
4247
4248
4245
4246
4243
4244
4241
4242
4239
4240
4237
4238
4235
4236
4233
4234
4231
4232
4229
4230
4227
4228
4225
4226
4223
4224
4221
4222
4219
4220
4217
4218
4215
4216
4213
4214
4211
4212
4209
4210
4207
4208
4205
4206
4203
4204
4201
4202
4199
4200
4197
4198
4195
4196
4193
4194
4191
4192
4189
4190
4187
4188
4185
4186
4183
4184
4181
4182
4179
4180
4177
4178
4175
4176
4173
4174
4171
4172
4169
4170
4167
4168
4165
4166
4163
4164
4161
4162
4159
4160
4157
4158
4155
4156
4153
4154
4151
4152
4149
4150
4147
4148
4145
4146
4143
4144
4141
4142
4139
4140
4137
4138
4135
4136
4133
4134
4131
4132
4129
4130
4127
4128
4125
4126
4123
4124
4121
4122
4119
4120
4117
4118
4115
4116
4113
4114
4111
4112
4109
4110
4107
4108
4105
4106
4103
4104
4101
4102
4099
4100
4097
4098
4095
4096
4093
4094
4091
4092
4089
4090
4087
4088
4085
4086
4083
4084
4081
4082
4079
4080
4077
4078
4075
4076
4073
4074
4071
4072
4069
4070
4067
4068
4065
4066
4063
4064
4061
4062
4059
4060
4057
4058
4055
4056
4053
4054
4051
4052
4049
4050
4047
4048
4045
4046
4043
4044
4041
4042
4039
4040
4037
4038
4035
4036
4033
4034
4031
4032
4029
4030
4027
4028
4025
4026
4023
4024
4021
4022
4019
4020
4017
4018
4015
4016
4013
4014
4011
4012
4009
4010
4007
4008
4005
4006
4003
4004
4001
4002
3999
4000
3997
3998
3995
3996
3993
3994
3991
3992
3989
3990
3987
3988
3985
3986
3983
3984
3981
3982
3979
3980
3977
3978
3975
3976
3973
3974
3971
3972
3969
3970
3967
3968
3965
3966
3963
3964
3961
3962
3959
3960
3957
3958
3955
3956
3953
3954
3951
3952
3949
3950
3947
3948
3945
3946
3943
3944
3941
3942
3939
3940
3937
3938
3935
3936
3933
3934
3931
3932
3929
3930
3927
3928
3925
3926
3923
3924
3921
3922
3919
3920
3917
3918
3915
3916
3913
3914
3911
3912
3909
3910
3907
3908
3905
3906
3903
3904
3901
3902
3899
3900
3897
3898
3895
3896
3893
3894
3891
3892
3889
3890
3887
3888
3885
3886
3883
3884
3881
3882
3879
3880
3877
3878
3875
3876
3873
3874
3871
3872
3869
3870
3867
3868
3865
3866
3863
3864
3861
3862
3859
3860
3857
3858
3855
3856
3853
3854
3851
3852
3849
3850
3847
3848
3845
3846
3843
3844
3841
3842
3839
3840
3837
3838
3835
3836
3833
3834
3831
3832
3829
3830
3827
3828
3825
3826
3823
3824
3821
3822
3819
3820
3817
3818
3815
3816
3813
3814
3811
3812
3809
3810
3807
3808
3805
3806
3803
3804
3801
3802
3799
3800
3797
3798
3795
3796
3793
3794
3791
3792
3789
3790
3787
3788
3785
3786
3783
3784
3781
3782
3779
3780
3777
3778
3775
3776
3773
3774
3771
3772
3769
3770
3767
3768
3765
3766
3763
3764
3761
3762
3759
3760
3757
3758
3755
3756
3753
3754
3751
3752
3749
3750
3747
3748
3745
3746
3743
3744
3741
3742
3739
3740
3737
3738
3735
3736
3733
3734
3731
3732
3729
3730
3727
3728
3725
3726
3723
3724
3721
3722
3719
3720
3717
3718
3715
3716
3713
3714
3711
3712
3709
3710
3707
3708
3705
3706
3703
3704
3701
3702
3699
3700
3697
3698
3695
3696
3693
3694
3691
3692
3689
3690
3687
3688
3685
3686
3683
3684
3681
3682
3679
3680
3677
3678
3675
3676
3673
3674
3671
3672
3669
3670
3667
3668
3665
3666
3663
3664
3661
3662
3659
3660
3657
3658
3655
3656
3653
3654
3651
3652
3649
3650
3647
3648
3645
3646
3643
3644
3641
3642
3639
3640
3637
3638
3635
3636
3633
3634
3631
3632
3629
3630
3627
3628
3625
3626
3623
3624
3621
3622
3619
3620
3617
3618
3615
3616
3613
3614
3611
3612
3609
3610
3607
3608
3605
3606
3603
3604
3601
3602
3599
3600
3597
3598
3595
3596
3593
3594
3591
3592
3589
3590
3587
3588
3585
3586
3583
3584
3581
3582
3579
3580
3577
3578
3575
3576
3573
3574
3571
3572
3569
3570
3567
3568
3565
3566
3563
3564
3561
3562
3559
3560
3557
3558
3555
3556
3553
3554
3551
3552
3549
3550
3547
3548
3545
3546
3543
3544
3541
3542
3539
3540
3537
3538
3535
3536
3533
3534
3531
3532
3529
3530
3527
3528
3525
3526
3523
3524
3521
3522
3519
3520
3517
3518
3515
3516
3513
3514
3511
3512
3509
3510
3507
3508
3505
3506
3503
3504
3501
3502
3499
3500
3497
3498
3495
3496
3493
3494
3491
3492
3489
3490
3487
3488
3485
3486
3483
3484
3481
3482
3479
3480
3477
3478
3475
3476
3473
3474
3471
3472
3469
3470
3467
3468
3465
3466
3463
3464
3461
3462
3459
3460
3457
3458
3455
3456
3453
3454
3451
3452
3449
3450
3447
3448
3445
3446
3443
3444
3441
3442
3439
3440
3437
3438
3435
3436
3433
3434
3431
3432
3429
3430
3427
3428
3425
3426
3423
3424
3421
3422
3419
3420
3417
3418
3415
3416
3413
3414
3411
3412
3409
3410
3407
3408
3405
3406
3403
3404
3401
3402
3399
3400
3397
3398
3395
3396
3393
3394
3391
3392
3389
3390
3387
3388
3385
3386
3383
3384
3381
3382
3379
3380
3377
3378
3375
3376
3373
3374
3371
3372
3369
3370
3367
3368
3365
3366
3363
3364
3361
3362
3359
3360
3357
3358
3355
3356
3353
3354
3351
3352
3349
3350
3347
3348
3345
3346
3343
3344
3341
3342
3339
3340
3337
3338
3335
3336
3333
3334
3331
3332
3329
3330
3327
3328
3325
3326
3323
3324
3321
3322
3319
3320
3317
3318
3315
3316
3313
3314
3311
3312
3309
3310
3307
3308
3305
3306
3303
3304
3301
3302
3299
3300
3297
3298
3295
3296
3293
3294
3291
3292
3289
3290
3287
3288
3285
3286
3283
3284
3281
3282
3279
3280
3277
3278
3275
3276
3273
3274
3271
3272
3269
3270
3267
3268
3265
3266
3263
3264
3261
3262
3259
3260
3257
3258
3255
3256
3253
3254
3251
3252
3249
3250
3247
3248
3245
3246
3243
3244
3241
3242
3239
3240
3237
3238
3235
3236
3233
3234
3231
3232
3229
3230
3227
3228
3225
3226
3223
3224
3221
3222
3219
3220
3217
3218
3215
3216
3213
3214
3211
3212
3209
3210
3207
3208
3205
3206
3203
3204
3201
3202
3199
3200
3197
3198
3195
3196
3193
3194
3191
3192
3189
3190
3187
3188
3185
3186
3183
3184
3181
3182
3179
3180
3177
3178
3175
3176
3173
3174
3171
3172
3169
3170
3167
3168
3165
3166
3163
3164
3161
3162
3159
3160
3157
3158
3155
3156
3153
3154
3151
3152
3149
3150
3147
3148
3145
3146
3143
3144
3141
3142
3139
3140
3137
3138
3135
3136
3133
3134
3131
3132
3129
3130
3127
3128
3125
3126
3123
3124
3121
3122
3119
3120
3117
3118
3115
3116
3113
3114
3111
3112
3109
3110
3107
3108
3105
3106
3103
3104
3101
3102
3099
3100
3097
3098
3095
3096
3093
3094
3091
3092
3089
3090
3087
3088
3085
3086
3083
3084
3081
3082
3079
3080
3077
3078
3075
3076
3073
3074
3071
3072
3069
3070
3067
3068
3065
3066
3063
3064
3061
3062
3059
3060
3057
3058
3055
3056
3053
3054
3051
3052
3049
3050
3047
3048
3045
3046
3043
3044
3041
3042
3039
3040
3037
3038
3035
3036
3033
3034
3031
3032
3029
3030
3027
3028
3025
3026
3023
3024
3021
3022
3019
3020
3017
3018
3015
3016
3013
3014
3011
3012
3009
3010
3007
3008
3005
3006
3003
3004
3001
3002
2999
3000
2997
2998
2995
2996
2993
2994
2991
2992
2989
2990
2987
2988
2985
2986
2983
2984
2981
2982
2979
2980
2977
2978
2975
2976
2973
2974
2971
2972
2969
2970
2967
2968
2965
2966
2963
2964
2961
2962
2959
2960
2957
2958
2955
2956
2953
2954
2951
2952
2949
2950
2947
2948
2945
2946
2943
2944
2941
2942
2939
2940
2937
2938
2935
2936
2933
2934
2931
2932
2929
2930
2927
2928
2925
2926
2923
2924
2921
2922
2919
2920
2917
2918
2915
2916
2913
2914
2911
2912
2909
2910
2907
2908
2905
2906
2903
2904
2901
2902
2899
2900
2897
2898
2895
2896
2893
2894
2891
2892
2889
2890
2887
2888
2885
2886
2883
2884
2881
2882
2879
2880
2877
2878
2875
2876
2873
2874
2871
2872
2869
2870
2867
2868
2865
2866
2863
2864
2861
2862
2859
2860
2857
2858
2855
2856
2853
2854
2851
2852
2849
2850
2847
2848
2845
2846
2843
2844
2841
2842
2839
2840
2837
2838
2835
2836
2833
2834
2831
2832
2829
2830
2827
2828
2825
2826
2823
2824
2821
2822
2819
2820
2817
2818
2815
2816
2813
2814
2811
2812
2809
2810
2807
2808
2805
2806
2803
2804
2801
2802
2799
2800
2797
2798
2795
2796
2793
2794
2791
2792
2789
2790
2787
2788
2785
2786
2783
2784
2781
2782
2779
2780
2777
2778
2775
2776
2773
2774
2771
2772
2769
2770
2767
2768
2765
2766
2763
2764
2761
2762
2759
2760
2757
2758
2755
2756
2753
2754
2751
2752
2749
2750
2747
2748
2745
2746
2743
2744
2741
2742
2739
2740
2737
2738
2735
2736
2733
2734
2731
2732
2729
2730
2727
2728
2725
2726
2723
2724
2721
2722
2719
2720
2717
2718
2715
2716
2713
2714
2711
2712
2709
2710
2707
2708
2705
2706
2703
2704
2701
2702
2699
2700
2697
2698
2695
2696
2693
2694
2691
2692
2689
2690
2687
2688
2685
2686
2683
2684
2681
2682
2679
2680
2677
2678
2675
2676
2673
2674
2671
2672
2669
2670
2667
2668
2665
2666
2663
2664
2661
2662
2659
2660
2657
2658
2655
2656
2653
2654
2651
2652
2649
2650
2647
2648
2645
2646
2643
2644
2641
2642
2639
2640
2637
2638
2635
2636
2633
2634
2631
2632
2629
2630
2627
2628
2625
2626
2623
2624
2621
2622
2619
2620
2617
2618
2615
2616
2613
2614
2611
2612
2609
2610
2607
2608
2605
2606
2603
2604
2601
2602
2599
2600
2597
2598
2595
2596
2593
2594
2591
2592
2589
2590
2587
2588
2585
2586
2583
2584
2581
2582
2579
2580
2577
2578
2575
2576
2573
2574
2571
2572
2569
2570
2567
2568
2565
2566
2563
2564
2561
2562
2559
2560
2557
2558
2555
2556
2553
2554
2551
2552
2549
2550
2547
2548
2545
2546
2543
2544
2541
2542
2539
2540
2537
2538
2535
2536
2533
2534
2531
2532
2529
2530
2527
2528
2525
2526
2523
2524
2521
2522
2519
2520
2517
2518
2515
2516
2513
2514
2511
2512
2509
2510
2507
2508
2505
2506
2503
2504
2501
2502
2499
2500
2497
2498
2495
2496
2493
2494
2491
2492
2489
2490
2487
2488
2485
2486
2483
2484
2481
2482
2479
2480
2477
2478
2475
2476
2473
2474
2471
2472
2469
2470
2467
2468
2465
2466
2463
2464
2461
2462
2459
2460
2457
2458
2455
2456
2453
2454
2451
2452
2449
2450
2447
2448
2445
2446
2443
2444
2441
2442
2439
2440
2437
2438
2435
2436
2433
2434
2431
2432
2429
2430
2427
2428
2425
2426
2423
2424
2421
2422
2419
2420
2417
2418
2415
2416
2413
2414
2411
2412
2409
2410
2407
2408
2405
2406
2403
2404
2401
2402
2399
2400
2397
2398
2395
2396
2393
2394
2391
2392
2389
2390
2387
2388
2385
2386
2383
2384
2381
2382
2379
2380
2377
2378
2375
2376
2373
2374
2371
2372
2369
2370
2367
2368
2365
2366
2363
2364
2361
2362
2359
2360
2357
2358
2355
2356
2353
2354
2351
2352
2349
2350
2347
2348
2345
2346
2343
2344
2341
2342
2339
2340
2337
2338
2335
2336
2333
2334
2331
2332
2329
2330
2327
2328
2325
2326
2323
2324
2321
2322
2319
2320
2317
2318
2315
2316
2313
2314
2311
2312
2309
2310
2307
2308
2305
2306
2303
2304
2301
2302
2299
2300
2297
2298
2295
2296
2293
2294
2291
2292
2289
2290
2287
2288
2285
2286
2283
2284
2281
2282
2279
2280
2277
2278
2275
2276
2273
2274
2271
2272
2269
2270
2267
2268
2265
2266
2263
2264
2261
2262
2259
2260
2257
2258
2255
2256
2253
2254
2251
2252
2249
2250
2247
2248
2245
2246
2243
2244
2241
2242
2239
2240
2237
2238
2235
2236
2233
2234
2231
2232
2229
2230
2227
2228
2225
2226
2223
2224
2221
2222
2219
2220
2217
2218
2215
2216
2213
2214
2211
2212
2209
2210
2207
2208
2205
2206
2203
2204
2201
2202
2199
2200
2197
2198
2195
2196
2193
2194
2191
2192
2189
2190
2187
2188
2185
2186
2183
2184
2181
2182
2179
2180
2177
2178
2175
2176
2173
2174
2171
2172
2169
2170
2167
2168
2165
2166
2163
2164
2161
2162
2159
2160
2157
2158
2155
2156
2153
2154
2151
2152
2149
2150
2147
2148
2145
2146
2143
2144
2141
2142
2139
2140
2137
2143
2135
2136
2133
2134
2131
2132
2129
2135
2127
2128
2125
2126
2123
2124
2121
2126
2119
2118
2118
2116
2115
2116
2113
2115
2118
2110
2116
2108
2109
2106
2107
2104
2110
2102
2108
2100
2101
2098
2099
2096
2106
2094
2131
2092
2210
2090
2204
2088
2814
2086
2087
2084
2996
2082
2082
2080
2079
2079
2077
2076
2082
2074
2074
2072
2071
2071
2069
2068
2074
2066
2066
2064
2063
2063
2061
2060
2070
2058
2078
2056
2056
2054
2053
2053
2051
2050
2056
2048
2048
2046
2045
2045
2043
2042
2048
2040
2040
2038
2037
2037
2035
2034
2044
2032
2052
2030
2030
2028
2027
2027
2025
2024
2030
2022
2022
2020
2019
2019
2017
2016
2022
2014
2014
2012
2011
2011
2009
2008
2018
2006
2043
2004
2065
2002
2002
2000
1999
1999
1997
1996
2002
1994
1994
1992
1991
1991
1989
1988
1994
1986
1986
1984
1983
1983
1981
1980
1990
1978
1998
1976
1976
1974
1973
1973
1971
1970
1976
1968
1968
1966
1965
1965
1963
1962
1968
1960
1960
1958
1957
1957
1955
1954
1964
1952
1972
1950
1950
1948
1947
1947
1945
1944
1950
1942
1942
1940
1939
1939
1937
1936
1942
1934
1934
1932
1931
1931
1929
1928
1938
1926
1963
1924
1985
1922
1922
1920
1919
1919
1917
1916
1922
1914
1914
1912
1911
1911
1909
1908
1914
1906
1906
1904
1903
1903
1901
1900
1910
1898
1918
1896
1896
1894
1893
1893
1891
1890
1896
1888
1888
1886
1885
1885
1883
1882
1888
1880
1880
1878
1877
1877
1875
1874
1884
1872
1892
1870
1870
1868
1867
1867
1865
1864
1870
1862
1862
1860
1859
1859
1857
1856
1862
1854
1854
1852
1851
1851
1849
1848
1858
1846
1883
1844
1962
1842
2875
1840
2873
1838
1839
1836
1837
1834
1840
1832
1838
1830
1831
1828
1829
1826
1832
1824
1830
1822
1823
1820
1821
1818
1828
1816
1836
1814
1834
1812
1813
1810
1811
1808
1814
1806
1812
1804
1805
1802
1803
1800
1806
1798
1804
1796
1797
1794
1795
1792
1802
1790
1810
1788
1808
1786
1787
1784
1785
1782
1788
1780
1786
1778
1779
1776
1777
1774
1780
1772
1778
1770
1771
1768
1769
1766
1776
1764
1801
1762
1841
2834
1759
2832
1757
1758
1755
1756
1753
1759
1751
1757
1749
1750
1747
1748
1745
1751
1743
1749
1741
1742
1739
1740
1737
1747
1735
1760
2820
1732
2818
1730
1731
1728
1729
1726
1733
2086
1723
1724
1721
3363
1719
3361
1717
1718
1715
1716
1713
1719
1711
1717
1709
1710
1707
1708
1705
1711
1703
1709
1701
1702
1699
1700
1697
1707
1695
1715
1693
1713
1691
1692
1689
1690
1687
1693
1685
1691
1683
1684
1681
1682
1679
1685
1677
1683
1675
1676
1673
1674
1671
1681
1669
1689
1667
1687
1665
1666
1663
1664
1661
1667
1659
1665
1657
1658
1655
1656
1653
1659
1651
1657
1649
1650
1647
1648
1645
1655
1643
1680
1641
1702
1639
1700
1637
1638
1635
1636
1633
1639
1631
1637
1629
1630
1627
1628
1625
1631
1623
1629
1621
1622
1619
1620
1617
1627
1615
1635
1613
1633
1611
1612
1609
1610
1607
1613
1605
1611
1603
1604
1601
1602
1599
1605
1597
1603
1595
1596
1593
1594
1591
1601
1589
1609
1587
1607
1585
1586
1583
1584
1581
1587
1579
1585
1577
1578
1575
1576
1573
1579
1571
1577
1569
1570
1567
1568
1565
1575
1563
1600
1561
1622
1559
1620
1557
1558
1555
1556
1553
1559
1551
1557
1549
1550
1547
1548
1545
1551
1543
1549
1541
1542
1539
1540
1537
1547
1535
1555
1533
1553
1531
1532
1529
1530
1527
1533
1525
1531
1523
1524
1521
1522
1519
1525
1517
1523
1515
1516
1513
1514
1511
1521
1509
1529
1507
1527
1505
1506
1503
1504
1501
1507
1499
1505
1497
1498
1495
1496
1493
1499
1491
1497
1489
1490
1487
1488
1485
1495
1483
1520
1481
1599
1479
1662
1477
1660
1475
1476
1473
1474
1471
1477
1469
1475
1467
1468
1465
1466
1463
1469
1461
1467
1459
1460
1457
1458
1455
1465
1453
1473
1451
1471
1449
1450
1447
1448
1445
1451
1443
1449
1441
1442
1439
1440
1437
1443
1435
1441
1433
1434
1431
1432
1429
1439
1427
1447
1425
1445
1423
1424
1421
1422
1419
1425
1417
1423
1415
1416
1413
1414
1411
1417
1409
1415
1407
1408
1405
1406
1403
1413
1401
1438
1399
1460
1397
1458
1395
1396
1393
1394
1391
1397
1389
1395
1387
1388
1385
1386
1383
1389
1381
1387
1379
1380
1377
1378
1375
1385
1373
1393
1371
1391
1369
1370
1367
1368
1365
1371
1363
1369
1361
1362
1359
1360
1357
1363
1355
1361
1353
1354
1351
1352
1349
1359
1347
1367
1345
1365
1343
1344
1341
1342
1339
1345
1337
1343
1335
1336
1333
1334
1331
1337
1329
1335
1327
1328
1325
1326
1323
1333
1321
1358
1319
1380
1317
1378
1315
1316
1313
1314
1311
1317
1309
1315
1307
1308
1305
1306
1303
1309
1301
1307
1299
1300
1297
1298
1295
1305
1293
1313
1291
1311
1289
1290
1287
1288
1285
1291
1283
1289
1281
1282
1279
1280
1277
1283
1275
1281
1273
1274
1271
1272
1269
1279
1267
1287
1265
1285
1263
1264
1261
1262
1259
1265
1257
1263
1255
1256
1253
1254
1251
1257
1249
1255
1247
1248
1245
1246
1243
1253
1241
1278
1239
1357
1237
1460
1235
1458
1233
1234
1231
1232
1229
1235
1227
1233
1225
1226
1223
1224
1221
1228
1230
1218
1219
1216
1520
1214
1518
1212
1213
1210
1211
1208
1214
1206
1212
1204
1205
1202
1203
1200
1206
1198
1204
1196
1197
1194
1195
1192
1202
1190
1210
1188
1208
1186
1187
1184
1185
1182
1188
1180
1186
1178
1179
1176
1177
1174
1180
1172
1178
1170
1171
1168
1169
1166
1176
1164
1184
1162
1182
1160
1161
1158
1159
1156
1162
1154
1160
1152
1153
1150
1151
1148
1154
1146
1152
1144
1145
1142
1143
1140
1150
1138
1175
1136
1215
1479
1133
1234
1131
1132
1129
1130
1127
1133
1125
1131
1123
1124
1121
1122
1119
1125
1117
1123
1115
1116
1113
1114
1111
1121
1109
1134
1222
1106
1220
1104
1105
1102
1103
1100
1107
1217
1097
1098
1095
1643
1093
1641
1091
1092
1089
1090
1087
1093
1085
1091
1083
1084
1081
1082
1079
1085
1077
1083
1075
1076
1073
1074
1071
1081
1069
1089
1067
1087
1065
1066
1063
1064
1061
1067
1059
1065
1057
1058
1055
1056
1053
1059
1051
1057
1049
1050
1047
1048
1045
1055
1043
1063
1041
1061
1039
1040
1037
1038
1035
1041
1033
1039
1031
1032
1029
1030
1027
1033
1025
1031
1023
1024
1021
1022
1019
1029
1017
1054
1015
1076
1013
1074
1011
1012
1009
1010
1007
1013
1005
1011
1003
1004
1001
1002
999
1005
997
1003
995
996
993
994
991
1001
989
1009
987
1007
985
986
983
984
981
987
979
985
977
978
975
976
973
979
971
977
969
970
967
968
965
975
963
983
961
981
959
960
957
958
955
961
953
959
951
952
949
950
947
953
945
951
943
944
941
942
939
949
937
974
935
996
933
994
931
932
929
930
927
933
925
931
923
924
921
922
919
925
917
923
915
916
913
914
911
921
909
929
907
927
905
906
903
904
901
907
899
905
897
898
895
896
893
899
891
897
889
890
887
888
885
895
883
903
881
901
879
880
877
878
875
881
873
879
871
872
869
870
867
873
865
871
863
864
861
862
859
869
857
894
855
973
853
1036
851
1034
849
850
847
848
845
851
843
849
841
842
839
840
837
843
835
841
833
834
831
832
829
839
827
847
825
845
823
824
821
822
819
825
817
823
815
816
813
814
811
817
809
815
807
808
805
806
803
813
801
821
799
819
797
798
795
796
793
799
791
797
789
790
787
788
785
791
783
789
781
782
779
780
777
787
775
812
773
834
771
832
769
770
767
768
765
771
763
769
761
762
759
760
757
763
755
761
753
754
751
752
749
759
747
767
745
765
743
744
741
742
739
745
737
743
735
736
733
734
731
737
729
735
727
728
725
726
723
733
721
741
719
739
717
718
715
716
713
719
711
717
709
710
707
708
705
711
703
709
701
702
699
700
697
707
695
732
693
754
691
752
689
690
687
688
685
691
683
689
681
682
679
680
677
683
675
681
673
674
671
672
669
679
667
687
665
685
663
664
661
662
659
665
657
663
655
656
653
654
651
657
649
655
647
648
645
646
643
653
641
661
639
659
637
638
635
636
633
639
631
637
629
630
627
628
625
631
623
629
621
622
619
620
617
627
615
652
613
731
611
794
609
792
607
608
605
606
603
609
601
607
599
600
597
598
595
601
593
599
591
592
589
590
587
597
585
605
583
603
581
582
579
580
577
583
575
581
573
574
571
572
569
575
567
573
565
566
563
564
561
571
559
579
557
577
555
556
553
554
551
557
549
555
547
548
545
546
543
549
541
547
539
540
537
538
535
545
533
570
531
592
529
590
527
528
525
526
523
529
521
527
519
520
517
518
515
521
513
519
511
512
509
510
507
517
505
525
503
523
501
502
499
500
497
503
495
501
493
494
491
492
489
495
487
493
485
486
483
484
481
491
479
499
477
497
475
476
473
474
471
477
469
475
467
468
465
466
463
469
461
467
459
460
457
458
455
465
453
490
451
512
449
510
447
448
445
446
443
449
441
447
439
440
437
438
435
441
433
439
431
432
429
430
427
437
425
445
423
443
421
422
419
420
417
423
415
421
413
414
411
412
409
415
407
413
405
406
403
404
401
411
399
419
397
417
395
396
393
394
391
397
389
395
387
388
385
386
383
389
381
387
379
380
377
378
375
385
373
410
371
489
369
730
367
1094
1278
364
1276
362
363
360
361
358
364
356
362
354
355
352
353
350
356
348
354
346
347
344
345
342
352
340
360
338
358
336
337
334
335
332
338
330
336
328
329
326
327
324
330
322
328
320
321
318
319
316
326
314
334
312
332
310
311
308
309
306
312
304
310
302
303
300
301
298
304
296
302
294
295
292
293
290
300
288
325
286
347
284
345
282
283
280
281
278
284
276
282
274
275
272
273
270
276
268
274
266
267
264
265
262
272
260
280
258
278
256
257
254
255
252
258
250
256
248
249
246
247
244
250
242
248
240
241
238
239
236
246
234
254
232
252
230
231
228
229
226
232
224
230
222
223
220
221
218
224
216
222
214
215
212
213
210
220
208
245
206
267
204
265
202
203
200
201
198
204
196
202
194
195
192
193
190
196
188
194
186
187
184
185
182
192
180
200
178
198
176
177
174
175
172
178
170
176
168
169
166
167
164
170
162
168
160
161
158
159
156
166
154
174
152
172
150
151
148
149
146
152
144
150
142
143
140
141
138
144
136
142
134
135
132
133
130
140
128
165
126
244
124
365
1156
121
1154
119
120
117
118
115
121
113
119
111
112
109
110
107
113
105
111
103
104
101
102
99
109
97
117
95
115
93
94
91
92
89
95
87
93
85
86
83
84
81
87
79
85
77
78
75
76
73
83
71
91
69
89
67
68
65
66
63
69
61
67
59
60
57
58
55
61
53
59
51
52
49
50
47
57
45
82
43
122
1115
40
1113
38
39
36
37
34
40
32
38
30
31
28
29
26
32
24
30
22
23
20
21
18
28
16
41
1101
13
1099
11
12
9
10
7
14
1096
4
5
2
