0
-1 
1 
5
2
2 3 
5 9
b  
3
3 -2 4 5
-1 5 2 
-3 6 4 
4
2 4 5 6 
0 3 6 9 
0 0 9 3 
0 0 0 5
1 2 3 4
4
2 4 5 6 
0 0 0 0 
0 0 9 8 
0 0 0 5 
4
2 0 0 0 
0 3 0 0 
0 0 9  
0 0 0 5 
4
2 4 0 6 
1 3 0 0 
4 0 0 8 
2 5 0 5 
6
6 4 6 4 6 4 
1 2 3 4 5 6 
6 5 4 3 2 1 
3 2 3 2 3 2 
4 6 4 6 4 6 
1 1 1 1 1 1 
8
17 20 9 14 6 9 15 20
19 20 19 16 1 8 16 7
3 4 16 15 2 16 6 12
19 20 20 8 17 16 14 5
13 20 14 14 14 4 14 16
2 10 1 4 7 10 4 6
6 17 17 15 20 9 3 11
11 3 19 1 1 13 10 14
4
2 4 5 6 
0 3 6 9 
0 0 9 8 
0 0 0 5
4
2 4 5 6 1
0 3 6 9 1
0 0 9 8 1
0 0 0 5 1
4
2 4 5 6 
0 3 6 9 
0 0 9 8 
0 0 0 5